1000
233 75
72800 12612 98639 88769 47390 88461 56514 28283 25262 95770 84370 60486 71385 15738 6489 63762 69606 83721 14044 53928 7574 17990 26943 13953 48126 73002 49723 16149 83716 96984 28073 20353 44501 72359 52542 26491 41182 1602 10642 34989 82027 77384 94158 58864 22883 67783 48463 72822 39377 67116 76529 61684 54594 38056 50994 24361 18886 82651 49919 19845 18159 6552 45297 29566 84936 89884 61363 68014 58815 62034 23855 80620 75648 95929 65203 
566 270
67314 85408 12157 47370 55955 93222 31871 4269 86104 79350 42859 74083 88139 64084 33170 84881 75113 13058 46658 70364 52612 89540 57091 93751 62017 31570 24020 45976 89339 13036 10914 55920 79072 88308 83262 32469 44570 51309 21166 87115 45995 44497 37223 53186 52344 23102 30456 29173 78842 71595 23414 64462 79347 65214 79723 43804 81209 14459 11568 73131 68212 80431 27138 32918 10795 2562 78644 61947 67835 67466 38700 34835 49591 60690 83077 35619 68134 77085 21511 44515 70821 55272 30784 85576 41275 26796 19485 4776 53576 92224 32884 14401 43912 83153 49209 26692 79809 76704 7865 93532 84436 17664 12567 36530 43760 57183 17162 12161 61347 28807 80915 15174 61622 89359 41416 99075 10859 89054 86903 17155 2696 23438 45383 72086 81981 93334 53615 7294 89461 38833 10252 82565 26337 38845 55965 13588 98228 6814 82463 6201 18260 17678 97495 29537 86373 50364 25196 4596 75134 58 38343 62033 76846 48137 59085 36108 17797 94733 49086 5854 53685 84832 97940 74904 52544 12082 65566 52841 71953 94034 55025 39586 90698 76602 67933 24002 99039 40963 42756 39313 59066 41392 14435 90315 70584 74061 31833 98614 39523 83768 79702 80697 16914 38264 58922 94815 68975 62935 79782 14134 37734 32065 51660 89095 74626 25775 78805 17376 4985 70079 54034 967 54256 11029 83308 75390 34779 24154 71949 14613 85866 66836 16165 94965 17968 71764 10603 8829 64831 86163 56063 86022 71632 14046 16318 34962 58455 87725 33046 3721 48711 34484 912 75673 23224 81532 13716 92906 89825 1450 71482 64974 14515 67760 91797 13037 35763 70501 1340 91343 80289 37463 62445 31234 904 63239 53337 48112 8392 60113 
316 226
34616 75062 47273 56212 77505 7426 96874 87306 27590 71260 48810 32542 8676 72022 1988 31953 41167 94497 98893 81348 60397 96728 33556 2137 94807 3179 84755 43744 48088 77214 25309 49335 66694 77059 85097 45887 26928 65990 14244 20489 83034 74530 71317 28111 83915 3889 45114 32457 96259 1591 75078 91318 89386 11097 88947 40476 37633 1333 44132 54607 62644 73761 13679 70737 66571 49042 2659 55032 79996 20740 26226 77078 4095 61631 11253 55697 18495 94774 86660 2640 57317 95325 79323 9794 54039 16725 33313 81105 58413 21621 52935 52354 74885 72445 32462 38922 7152 32506 88578 32913 81878 40043 1910 76449 20767 36348 52101 53297 50445 38193 89781 56351 79359 54001 27335 43944 28442 18096 29640 55024 76573 37133 8446 80375 50413 52317 87682 59102 77494 86685 6539 61658 41902 38150 10299 69617 23895 84170 94703 70723 39973 56828 3612 72918 73265 92513 11938 84200 76779 93231 37184 66072 1853 68985 71013 93756 21251 41591 47637 40782 15368 19578 21900 12678 49629 13219 47767 9030 28034 38603 76044 71680 51018 93847 98292 68083 80578 94063 45738 12078 48626 77926 42129 74448 90317 24752 56026 30606 59112 91004 26255 44721 99688 7726 65175 34360 29628 87109 13769 9600 17371 19065 5903 16497 4066 55689 11698 46041 64358 88757 48515 64904 20218 26310 55014 47075 71985 11376 68092 65157 51259 89330 45424 92734 19235 55874 
434 386
23967 33939 552 39404 20221 56980 65036 45491 30964 39860 41327 23843 81509 14221 93946 38702 9070 73545 73217 7937 73352 57593 49576 94308 82090 96466 9530 70021 17685 58706 60088 94991 90380 15006 9513 35969 53170 95269 74085 81626 75619 62042 45942 550 83537 77485 88426 87540 95683 59437 2325 59356 40416 69856 81458 21137 37164 21773 42016 1851 29484 87009 36875 93810 19901 84843 17159 64738 54879 28695 4659 30437 1225 34237 98732 57190 71552 73384 79709 16681 29345 24467 45369 29991 1821 87651 88032 73286 60565 78071 53370 38594 85263 39863 57572 10632 67810 63982 3661 61512 72215 29307 97733 17927 94948 41509 49313 75313 41287 46078 43814 69785 17424 20635 2188 26600 97758 23168 83076 64553 60717 252 12648 75372 23676 86697 11988 79810 83929 96345 45441 27999 32778 28030 32239 78746 74675 3687 42269 23029 17325 45962 76394 27361 26593 62981 49443 34823 98246 81577 37286 83009 18293 17998 5116 99150 38834 76196 48455 19804 94730 61767 70890 25944 46844 6851 72766 91403 56047 76381 93214 58856 91817 30224 15702 22509 49257 3731 14756 54535 21902 70293 30373 24428 39905 50016 80389 44970 7819 63399 86353 90671 33371 85864 26699 80877 6441 56729 92866 38616 3339 15993 92603 96287 7411 19210 35441 48548 13520 94287 84462 80803 61530 12129 15352 75628 99272 92248 94638 16503 28719 25975 97068 1379 39734 82972 96955 42206 34658 26157 21675 46529 5115 92193 83166 13722 32186 26302 29993 41740 51988 27667 95907 62794 80166 71459 31934 9818 50409 87998 74507 60952 22756 68943 66939 84054 20134 8095 49095 72747 36363 31166 9418 42063 6803 51431 71846 3321 89853 94620 21321 60438 99924 60684 62250 9135 69138 30764 98257 30103 74521 13555 83284 442 45796 7358 59941 65864 92870 24633 51496 14299 66925 94992 3861 99769 23530 44467 54217 79474 67705 67719 88963 67624 92541 16670 38582 48301 45414 53659 3168 32540 87087 12880 14436 79456 52993 70891 54991 64269 68756 20816 4890 98998 87982 97898 9051 84870 89173 52914 24578 34719 99356 58071 88022 76799 48015 74299 58523 54556 85544 16959 3668 99460 48010 30512 76341 19679 27881 31468 93274 86597 20412 81936 86318 5588 733 55633 76409 44709 66976 36581 97420 75757 44359 70862 67996 83386 22246 95247 92572 56207 76050 25151 90252 37533 8275 46900 57074 35214 54333 94249 87685 878 51491 2126 
996 380
64635 45546 7703 45258 31676 76443 53602 8456 13755 45724 94633 50817 97963 23071 71149 91730 19295 7589 19491 5487 5280 83202 62556 16102 49761 6112 90722 78192 94278 33988 45774 21047 42530 47138 21200 58148 8262 59896 29213 51200 58250 93102 66033 22326 69664 51812 18402 68897 41670 29552 97915 49959 42085 78346 27010 61805 76858 92464 34859 15127 43542 54757 40798 7394 93733 99730 35829 49710 93884 18103 19314 52135 29674 77094 98002 48102 84598 93005 81478 99120 89714 71491 4390 22653 72655 65885 49977 91819 47293 25093 52556 59541 82332 35794 69546 50692 33023 7660 29555 24782 52294 41023 96114 21591 74386 93497 73323 51613 10618 1173 44426 17582 22383 53516 34603 67143 63934 84340 43946 86374 7783 70570 56110 43105 78256 12710 32731 61314 79989 63838 54500 79609 86079 60379 65604 99262 11093 68114 45957 13197 48052 54651 49738 79330 95724 88385 85318 16874 62279 72047 50612 92018 7099 46336 97284 19653 20307 83339 75190 98678 15637 31976 43996 56337 37313 25433 40012 14841 79254 78466 86267 21149 9232 40259 81629 89534 49790 76505 38675 23160 44291 43730 82588 31795 97970 27623 57427 93880 9642 42317 81075 4064 39353 12978 34939 64212 78980 47264 41360 88285 66554 4649 14568 3206 55458 24588 15486 78235 42827 94575 96271 48946 60127 68028 43782 67175 15909 28960 61930 24264 18032 59243 11866 30683 6320 30736 32097 42334 43568 85982 24285 60483 68875 91189 22435 31165 78766 77300 85714 30833 30754 86981 38627 96183 73326 54102 16395 52329 26735 50374 18690 64230 7419 70877 79303 85670 7909 66832 22002 88262 66795 12502 77280 33484 36870 17540 79516 38245 3536 90753 27861 6836 35611 18776 63895 47617 25560 90838 1530 35348 24044 10897 11096 29740 59334 74915 5559 3038 97359 98071 71384 51867 62855 28607 58575 40856 35266 13775 82912 89500 68677 96826 36481 94493 33410 24950 28856 78878 75447 96406 91596 73289 63213 79048 63570 17274 5406 9475 13625 11458 47231 90443 91455 59154 42728 63681 69652 49282 80969 93215 66986 11044 8764 57312 89378 65544 72626 77279 35218 86129 79363 86274 72404 64048 68211 69642 54793 75293 12584 49219 83390 69729 51240 19013 73745 69923 20722 7868 81083 36708 33139 39001 3579 94324 67089 37754 81107 65183 88648 74219 1228 50531 94513 20115 59802 56368 72344 4882 85882 93423 
693 378
30684 60467 94340 41089 81102 12319 53365 12266 30795 48289 67337 52832 17224 43615 56918 91042 65521 60175 55176 80884 30820 5360 11211 34691 23668 83731 33369 66512 52773 86853 82260 82467 70560 66330 76155 14043 98906 57020 75524 85915 53292 58633 61414 2504 62239 87503 60327 61447 71761 5787 6590 1205 96462 89511 58080 74155 55327 20824 15965 58046 11274 9009 67235 37676 66064 68154 99576 8238 49212 85744 14917 20583 20757 10722 38194 89362 9606 74536 27815 13155 72048 2796 65292 34439 56867 23252 60682 49179 85163 50796 47203 36625 93992 76111 20687 70382 69297 42924 4160 41444 77227 76471 30026 82690 24881 85916 6518 45681 84453 48721 96339 8933 59543 86304 2650 94565 26980 50769 83832 21018 39707 75338 21390 71666 36720 55158 97042 41753 19985 1246 93993 43868 93094 90534 14183 45726 5134 51919 21524 78558 67797 94630 90395 76591 72883 66184 37323 2895 94293 15291 2619 86937 41732 77930 73751 52931 95614 91232 84807 63010 72987 41211 84380 88479 41661 72433 72888 77546 15082 74403 83826 20907 81012 93822 22073 22224 89166 39065 97329 95671 12187 50351 16791 88038 69566 96004 24454 39419 45914 33305 24595 78385 7741 22021 69646 47074 26042 87679 35326 4627 71702 30803 63193 82295 71703 21749 91391 28502 72546 15970 62891 10684 36752 92531 89795 91509 52336 3103 64113 21965 1547 89259 88959 30376 17982 22705 99984 86879 34799 19076 3 92064 81746 56789 35033 64537 63543 73636 4787 59026 2962 10318 99001 91756 18669 96365 2017 25173 67840 49392 2945 43430 36504 72961 85955 40387 4943 60186 15588 88868 98654 29280 69547 83094 77815 2482 29124 16018 52255 56250 84446 19289 50899 89680 45873 24911 78467 39916 87953 17600 57948 37545 57813 90598 79860 72858 14217 72881 58416 71757 54779 75027 95531 72509 23537 448 62231 67027 55901 94205 14419 14023 20482 19577 52409 78753 7428 25852 12018 3426 70525 30474 34453 51237 8736 23528 45538 22712 38934 52950 91752 86424 54087 60953 55840 41451 65941 26917 83596 20791 46750 32545 50122 98088 98717 76728 28242 5604 9647 84646 76331 49138 81962 75126 86130 31288 2341 41106 96713 48924 29034 77294 8475 69485 55975 89817 90337 98553 50052 64557 4712 8897 17455 36534 96585 14264 4146 3185 34750 71076 18381 50372 22886 44181 46265 51340 98012 2674 
409 320
21891 76095 31796 20668 77585 57217 81651 29017 23417 81702 76644 26615 97261 77138 89061 71675 51444 2883 57837 44857 78068 53489 91208 97430 79484 36917 59498 94911 79479 1774 4416 37566 69464 32167 95446 86700 70347 82649 429 56032 7995 77904 67752 71220 61561 6958 61069 14823 10958 81533 21152 50063 69052 11681 42760 58197 22221 55948 68300 1095 83802 72795 63318 69238 95121 55244 88829 55574 71038 79881 57367 39598 56123 17338 61656 59640 14107 52658 61189 14052 42773 24316 62941 74574 82423 1468 16131 26446 78715 42743 13024 32856 74465 36305 81744 92444 85908 41181 26107 41545 26441 4372 91062 24545 25769 39753 50308 62334 89275 67804 81176 73687 81244 6710 16011 81784 28504 84978 8789 64573 34597 49121 74784 20044 30535 46186 12477 54452 88837 71584 10185 32474 13684 48054 18778 65002 47187 91079 93442 98740 40129 53958 22768 28384 61959 92558 34274 39991 36851 61932 99017 35582 43716 44931 91818 9791 19263 79839 12257 38807 70989 2162 43082 15187 81585 9930 72750 86559 28988 6914 51964 9228 51050 21187 97691 30239 78587 98713 41014 74988 13429 51334 19472 12588 49363 32963 33430 99513 33532 88188 75408 88463 39801 2829 29695 90997 81949 42046 93088 77559 45676 64966 45372 73984 87441 2004 56547 8572 30851 69730 51178 24087 17062 47527 84829 50335 99931 3512 23010 53861 86152 91139 42112 32930 1692 430 24564 69202 55493 12086 20427 73254 33860 47780 90512 56983 15307 41722 7653 16322 69833 60357 88812 72293 4045 67714 12812 55166 94696 96458 82997 24224 78387 32844 66371 10597 9512 17233 88533 41285 39022 17445 87963 24066 5187 15512 40826 34036 16721 8865 92779 92744 84879 54634 74057 67787 21758 69565 45247 26953 79335 61181 34353 3947 82029 69100 56527 89188 58202 71982 67726 77454 6955 46700 87266 68954 4655 72765 7479 24022 10017 37700 44114 52795 45793 89489 66652 34038 88644 3429 51925 14043 68092 18381 91343 29740 56212 13037 16497 41360 
31 285
48614 84387 42871 32206 72377 49970 54174 9712 8279 17689 77231 45106 96263 68293 43896 76474 67827 43305 27096 96574 40671 62738 76002 59371 4564 32030 7206 28842 23038 95392 51582 4283 88695 51788 80747 45368 97170 67839 91671 54769 17427 39668 54291 16212 75142 30112 64861 77412 68992 3927 11319 41733 91281 5465 20673 93273 13326 56782 50247 6993 94723 2072 38425 86083 53596 18863 84882 57146 39269 27642 65316 99194 9258 92450 15462 66966 52436 98548 13125 25149 5300 90333 3073 667 74420 35723 24234 14938 37846 77824 11884 64744 32304 67412 64281 14176 29152 9338 57844 53494 60629 20213 13387 66236 70837 83268 95144 71698 83916 64162 19875 76962 35468 49181 1673 90116 70468 4848 57461 73230 62714 98364 30174 41605 97151 66133 74050 50976 68764 89622 7410 37859 64648 840 66865 81539 92055 12338 20378 98968 69703 12968 46196 57379 70748 9916 98858 98443 86881 55306 37972 61237 26400 23347 61432 81649 57437 76004 18279 51736 76059 24743 66307 28585 4819 61919 67201 36995 73290 4092 16208 32645 37725 24739 91629 29921 15108 60550 54494 80432 63499 97463 78880 62218 78075 75222 11716 99349 79949 60450 12027 63357 44810 20828 16785 35343 12457 59084 94972 30081 44094 34411 80979 12832 6819 2993 75624 30970 45720 22459 96981 1973 61564 23144 19061 15387 14929 36745 98359 45582 72543 69835 66834 33008 23624 68559 58127 16616 33381 23245 24381 22150 61433 35186 12333 36762 23736 3389 99912 9216 14914 88733 93158 63397 78132 55534 48871 66204 96134 58445 98496 18008 38881 88653 98493 71139 79141 93383 9291 93981 83448 2841 65967 72407 65932 30060 28241 12646 93830 91039 21781 20095 45857 38719 77822 64453 61324 8104 89412 5077 5115 41167 49591 29740 85263 
666 360
56274 87670 23125 57976 24518 69491 59445 39342 60544 48396 37957 91115 41051 10715 420 23132 17798 61691 5817 23574 74317 49626 52227 62423 26143 84378 59111 25733 56441 52916 68343 92229 28978 87545 73969 81780 64087 90858 23253 99663 24655 566 30108 27029 4660 22382 40208 34856 39064 32086 76481 91012 11952 33246 95354 79500 10894 11365 47961 15699 93417 40485 55747 82117 88510 84569 4836 55899 57452 8056 95404 87288 53738 29116 60957 75472 34244 14911 31859 89634 64405 30260 18089 81841 62654 33194 93913 1053 13990 46108 53622 19166 26395 74319 61593 45254 87469 35965 56261 34299 30581 72718 13519 28317 60644 24436 24068 31756 25611 76713 68237 49410 77489 61015 48750 91401 69398 34102 76551 99247 18885 84849 79361 96324 95533 29113 58109 5977 96111 15866 43246 52939 15959 83230 87188 41489 55476 20556 72044 12201 64673 53000 21572 61522 9266 2000 77019 61989 20799 81534 24674 89381 10263 65775 40285 72230 28319 55181 71411 74017 73036 48753 59645 33290 99193 66985 87191 13940 7484 74203 99124 85731 82891 9056 55546 27174 27932 2304 5184 1430 70417 2399 15194 85679 27639 78908 74895 88716 65509 90896 99947 39033 688 27051 93129 5929 69208 98949 19884 37821 69811 78729 16437 20934 17109 428 49356 16210 58781 40803 8756 60149 50210 89590 57650 2270 36155 4289 75192 38490 7113 41736 63591 1743 32399 27232 22492 31521 15171 86831 29682 67443 81181 36957 65332 32663 536 65785 99819 33312 11696 83712 13453 78325 54245 90692 34222 36773 38505 47120 99848 34961 30827 22132 75260 10816 257 38941 70618 33944 9893 51363 98679 96835 59471 42853 36054 35077 80760 25126 54481 36981 88159 84900 89667 8753 14389 88065 269 79586 56975 4720 1306 73408 22850 4172 91727 95638 7292 41093 78562 57271 99201 9014 60204 56765 48243 45828 12154 82154 51046 3029 60611 51781 78971 30893 99441 48073 43316 73202 11998 73079 68277 92432 56597 81429 70055 20074 62257 7747 49564 60787 55299 24687 44672 47362 88284 15425 38042 31380 83271 3742 45650 93009 79684 50552 66149 65512 33390 26046 6909 85676 78735 30023 28414 34662 55785 9624 54746 2799 68979 28276 65464 94694 21571 22385 96122 62709 21403 34677 
127 342
12011 92322 58891 8115 38952 22991 22452 87523 15734 88894 76223 1486 75844 10801 52734 88687 65042 70845 27299 77252 95702 53893 70843 42979 26849 12500 50283 30680 85618 54368 17907 51537 7005 3497 66782 83399 65551 43873 61212 34845 48532 51581 75999 19383 7247 77206 56732 39400 54010 92756 30505 35586 66867 18932 28055 76083 4432 31870 96816 57924 64714 999 73022 57544 15712 5853 7470 56716 81208 35053 87604 31370 69975 98936 51927 78903 83815 55898 36229 38606 95841 74177 44642 88279 17556 67596 27832 45116 63417 23480 84898 19417 11109 16414 9610 7554 30723 32905 80160 67311 60377 89376 66580 58028 92192 46364 17163 29485 77608 42445 20962 64761 24604 76862 37601 40091 45139 35850 89204 49845 59103 77658 24293 52156 968 93290 38339 18674 40608 93581 4381 55023 85786 79519 22911 13065 43457 15749 35728 34384 97433 43617 80749 39885 20600 73913 48973 17625 22402 2709 27281 49961 30664 81058 32287 28970 73617 43204 83703 53756 97721 24766 90194 82714 51287 5110 32538 25460 3628 38204 21091 97167 88423 77641 33562 90450 27228 58281 44704 7798 29856 65398 48009 82253 82125 35483 7509 4318 17823 42100 82448 34109 28167 98645 1226 3696 64926 67137 74876 62904 41576 93166 36421 54702 44872 94961 337 98859 97876 64783 84786 98236 79666 5374 18475 94208 85308 17705 82742 34938 89848 41949 34037 1373 52958 98589 59384 16435 54267 20870 28222 85612 30480 10697 47819 93588 69669 25377 45340 18450 17253 88983 62530 39347 98119 75072 68646 34587 29973 79473 2887 40008 67631 26674 8973 13239 44984 86201 90279 86924 93241 74751 42352 29869 73875 32102 32485 33977 83338 20633 33674 20979 51461 21962 8839 38705 89546 58321 8735 95581 76335 19144 86120 79261 39963 44636 98231 93006 59773 69996 2677 99147 74923 9961 15488 26769 22265 11456 93441 69426 97572 38712 5056 89793 1860 76303 1608 9987 50556 1266 81407 21083 19631 81760 9734 50207 36012 39984 77407 42622 70296 96407 55441 74737 73291 53355 7789 13128 12747 47424 47062 15254 54753 81810 92209 40132 50387 7084 19861 72943 81604 31075 
639 338
69203 99960 28779 58065 86254 90514 78709 45638 96375 5688 94692 623 56747 30264 81524 11039 14774 19503 28756 70178 16572 91466 89702 4396 99244 10289 59326 85751 84684 65303 59319 4120 64742 11164 43892 45802 96254 51534 33656 80932 52194 53212 5011 77328 80187 78601 6931 43021 56610 29471 22478 81581 92505 31879 50607 50274 4212 83395 40135 46480 47031 36132 23047 99589 92307 58068 99724 59389 63848 42884 9427 80495 59617 58858 98085 37927 66012 92596 19424 41045 74471 10590 48366 15632 90141 34370 50693 60270 54810 60513 63925 7184 21996 97827 55463 8899 66150 9723 89626 9651 24940 47771 27191 82192 28164 60075 53595 21443 66548 58712 89866 90041 10718 23045 93040 96019 61446 78263 58465 25958 73705 80831 30251 41636 64385 97890 97712 20475 48194 810 53369 88517 27921 19964 58947 81243 83590 17616 18023 76277 82486 8099 59900 52143 57234 46525 60280 87671 23525 40126 50306 40247 36622 3106 38074 41512 44279 57711 64294 60715 68384 20421 92904 88322 30414 38718 60954 93636 78919 4434 70173 88523 31391 7228 96619 78620 69451 73294 75656 26171 47568 36219 15273 7536 20993 88806 99907 9203 24627 55264 86932 63695 75751 65543 94277 70225 5786 44511 43263 96281 3940 90609 94095 47745 54424 20479 99081 6041 91634 61778 96562 9298 65710 50450 96850 22810 50902 7425 18939 4466 46065 3204 92362 97603 80235 51962 98468 86723 93918 65629 61143 82500 36710 51841 99986 30363 54992 92295 22971 64762 80909 73989 66633 84071 28305 62581 57405 8983 9114 19936 34757 39207 69552 53436 95831 23853 26838 50189 91124 43353 39617 73412 33708 92296 31406 80522 9277 89432 11081 55223 41109 28530 8969 80551 63238 30555 22039 76844 13497 88744 10837 90038 94078 73528 65493 64272 66365 91850 35245 45730 55760 11052 38502 11477 79543 76946 57151 35352 63378 18489 40709 9787 21785 51201 72353 54698 36650 44875 23950 23140 59563 90125 32234 96066 76645 94628 50846 8970 63891 59783 78328 4329 69981 6658 39211 53630 65776 96758 80634 78004 44358 14421 78569 65485 92501 71624 42089 74053 
82 336
74817 94427 9965 43543 35839 92751 70156 57275 1848 73030 86280 88665 76430 53781 31520 57333 76268 91410 3189 73714 24571 82204 6420 63804 32539 1458 43642 67820 70907 50222 81450 62171 77083 55938 23378 89648 84857 34537 81552 21998 39969 13367 91355 78104 74244 18699 33418 1282 70707 7123 31292 10262 84319 85113 84501 53094 33823 19761 88255 62979 54485 74592 11370 14165 29433 11496 83871 31834 58566 45634 11064 57226 90216 79053 9080 27270 91552 57780 77399 82392 55803 65730 22409 71738 59459 15908 45284 87737 59643 39591 14854 93366 86971 97380 8159 45565 33262 43685 17160 73346 6773 71343 31055 71111 37464 87438 38835 63801 10802 76343 53693 11287 87595 38877 91349 85604 83151 7062 13241 21316 51603 42615 38401 7745 87146 41626 61079 32711 97857 71516 94922 41916 32256 63230 2363 83224 77823 42102 32000 13668 5634 37020 63764 56612 51149 90857 1755 8556 56149 10486 9480 42097 36712 87698 8716 27365 87030 1694 76540 55436 35704 90555 11552 48819 28888 96783 67293 19244 28038 78162 18759 23527 42883 14186 83672 37650 26100 58645 94592 70782 20649 7603 78772 4811 33982 15931 73887 3098 39365 48093 2136 23354 31458 43688 36427 73144 38241 30121 90032 27774 8114 31909 49339 94666 34115 85053 46226 84837 75359 70264 31098 28549 28436 99517 89498 46996 10902 28579 2607 85590 46125 46589 53147 72312 45126 56273 68990 44155 63871 69359 66429 64504 3508 41792 27492 50504 24855 93706 2514 14908 13424 45003 60864 31895 86124 97236 44011 836 10548 30407 85599 43544 49814 26947 95887 71420 41692 91375 40816 36435 93071 13523 9238 15318 48256 68773 62508 70739 28609 98252 90210 32501 1037 61592 49837 61591 62996 81424 88847 32118 11321 40032 29917 70727 85070 73204 14835 29438 79158 90787 82599 88018 87527 20844 90162 16933 52122 91118 62994 51045 62070 45336 25592 23375 3163 94165 35032 28335 59153 23793 90344 60523 50031 89131 79320 92737 50033 76170 94805 280 8073 39593 37654 66762 18621 99715 93949 78828 3857 51180 39261 54537 93722 79367 72773 17097 
861 324
94656 56830 12999 77091 69364 49027 15899 92297 85255 11633 54045 29901 37454 99874 43124 68001 44333 33467 20136 63122 22347 68598 50646 17641 58693 31725 20104 4965 69541 37599 53983 14253 49401 26954 3939 82835 81346 76856 3762 42844 65172 24948 88990 86888 26037 907 22282 20530 63935 37902 40209 17404 78449 26138 9267 99114 30006 46104 32110 9160 29512 22625 70769 51887 61597 25710 53167 46552 80329 97088 47484 80991 5336 18772 49558 93376 67537 61630 45669 56127 83899 50514 86975 99857 3009 4219 72688 21600 2771 37088 37936 27397 49476 14074 49152 25048 69750 14374 80085 29343 17263 18355 25079 15195 6876 89065 19217 26235 89218 77359 95452 55368 33473 64160 66264 2678 10617 54751 42165 90278 39156 14305 9894 49609 16193 60961 42340 65934 23061 96055 40130 90282 57061 22237 69817 26080 27153 42750 55372 36309 72335 82804 19665 22453 50601 11293 95903 6506 29739 25135 46831 66224 87957 6487 68077 99438 36574 1278 3154 53191 34656 78686 21407 82979 78640 48591 91460 28346 80924 93590 54622 94310 250 56151 68557 35070 75110 37436 99974 21747 4740 24024 16701 27331 11826 37283 64210 24426 30878 35503 63500 10945 86895 67054 55868 48439 3574 31304 88386 47470 77698 45154 24919 1804 96994 15145 30098 85324 29043 97215 19361 50265 4332 92085 63379 11158 29137 48459 67430 63115 8562 33992 3069 23763 33272 75485 65497 773 48778 88044 89466 13365 45331 57840 25502 64012 17696 44332 57690 80519 93717 33809 93472 39248 31817 54180 18352 61678 52435 24103 46188 58130 45549 41542 59660 83289 26380 78631 67093 33733 23940 64511 83649 39540 6255 7906 20210 13577 61044 82306 45119 37002 56692 47669 38107 16204 44573 56205 3848 99346 27025 83950 88875 80598 51760 87366 11594 39193 87192 58515 70536 37795 67118 11647 20273 11865 68892 89478 40658 13141 31564 3463 18212 4370 38326 55597 74320 56278 95299 29520 44938 95270 40739 11601 65279 12110 25541 11346 25348 31636 20929 39201 6528 59528 
151 125
1063 72914 93278 66577 42289 50463 57737 22172 89981 81440 81887 12227 85343 94073 20367 95672 93964 60018 52268 52060 57864 59133 99426 74518 60878 45422 3882 83675 94817 66306 62966 74962 40324 61952 99968 61361 24814 13695 19488 34736 21629 11511 31445 86068 46008 39443 8362 63638 86658 61090 54504 53402 46573 13018 50659 2800 46808 73117 71854 91127 85084 74481 38154 42330 67648 55047 33737 90639 94143 53118 18503 36063 22487 83053 98821 6657 12831 17742 87974 82710 4313 67889 67825 50964 35915 31634 53871 29044 20146 95242 83191 28516 64097 3607 9374 75019 81618 56699 49043 77848 94791 9294 63020 15402 71312 48882 18214 82583 77500 37301 61686 41121 26883 62501 15891 89276 96155 46133 7687 82793 17215 89720 10983 18087 70890 
933 320
15611 44949 97701 98420 59202 83803 88981 98281 34648 29457 2984 82372 92206 16635 86813 41810 49379 2354 53273 36889 79214 2628 17583 13576 78548 30055 43863 50475 78177 85142 57856 86809 58133 69760 64106 68963 35998 84526 507 74897 44825 45635 24690 49826 74485 35232 14534 13256 16535 1969 89451 25680 81264 55710 71009 16591 25751 79580 36627 79080 56016 44147 20782 96260 77366 89440 87422 30867 33384 21350 28523 13102 91140 51416 9421 27609 52718 61226 76326 5972 80170 21280 31650 54531 43114 9227 82245 95916 34133 65199 66581 80008 3626 86524 64533 99686 29729 59870 97523 58978 96250 18531 298 21412 44776 37159 21803 41394 4148 51917 88258 96248 8349 85413 46392 19972 1732 12995 90185 19965 43459 59706 31426 46561 69144 70134 32659 62003 94490 3864 18915 79065 7503 37009 47240 35983 14189 12904 4437 51900 82377 40650 71054 18035 11514 38909 26087 17923 62704 23442 44128 71809 716 95062 10773 51230 33394 38157 42892 27446 42997 81931 22917 41860 14278 71951 59522 69291 69826 81644 66377 62335 63268 3859 86705 60479 80819 70297 74613 29428 47037 58649 23062 38217 81412 75046 85145 39671 88742 55767 90905 47442 52910 83280 23899 61394 56874 14111 42701 43099 77070 73403 61184 57163 17481 57426 40075 66284 32328 73963 81745 21465 85461 10962 67669 16230 37524 58977 69917 75611 47480 17700 98467 5241 93338 88114 37830 60024 24419 67647 64041 98220 33376 29057 68389 36149 26855 24513 86547 27263 80 96541 44763 92815 56974 48139 21898 11558 96214 28307 74810 74970 8546 70816 29920 10840 67864 67808 13465 51828 69805 3188 65324 79964 19152 53231 3575 99308 73541 70456 16550 93673 22656 47999 68117 58976 56544 86910 8154 70352 95459 4647 46271 51332 88560 53680 24353 85813 91529 3766 12231 53841 55303 4327 30852 53501 63433 80295 942 30781 32178 5130 27167 70292 11178 41884 29486 75141 38810 19971 82977 81056 32727 60008 18786 63199 12037 60889 88867 60559 
903 314
29857 66008 56152 86647 49918 52736 73672 90595 4682 48021 16192 12525 71306 26703 63215 8640 87305 8590 77051 95381 88957 27043 31066 75081 36948 11181 90508 56592 48933 26035 4557 97384 74249 79540 30029 90171 46538 17739 55297 83824 95742 18040 10888 55191 55415 480 72014 16326 70006 94869 85812 31280 16037 2959 71473 86527 9785 59119 47216 93514 30332 7514 83923 12451 9052 3258 68664 85246 49451 64343 43208 8437 70633 35410 34957 50467 53982 75827 44220 87054 67393 7336 13661 20379 81943 66021 72731 71350 54030 59152 77537 50683 41037 78150 51675 25987 5843 38929 11301 14570 48210 35716 23902 83027 52311 79990 34679 41797 48618 94683 35038 95461 9304 22612 58886 46621 76061 81725 53253 65403 47586 99280 40390 99567 12668 40025 71056 92008 46176 89495 63445 85990 98177 99366 7179 23019 43758 23784 85551 5373 22989 31978 15673 66922 71050 80360 63443 4707 96513 99392 94163 1448 59970 89627 86003 77877 10271 9604 4221 90435 55162 15534 18463 34355 24754 66425 38888 55887 43825 10362 45799 56929 13594 77519 99799 97120 57938 79211 66336 42545 24845 74026 6959 85153 70441 84337 29285 58182 36815 79351 78577 34057 34143 28257 3580 36280 57085 97100 93076 2499 60742 62083 98250 2934 50625 51575 97057 13623 78283 53257 76353 63580 6054 14591 80887 44988 87205 22737 81842 48231 14481 18700 35994 471 96882 28777 75114 56579 48563 47329 68346 77033 75213 29394 48124 47871 4681 98127 1071 6107 40198 60569 28477 35417 98441 26713 22330 76659 24536 39868 32348 33650 7087 81675 8760 89154 67690 16401 4755 83912 77431 68619 20045 77230 55581 98450 94166 12943 30937 2635 28855 49244 34655 52697 14355 14736 26078 40197 15076 34253 24613 21416 16795 85778 59546 50059 51352 75968 97636 8193 91499 70172 93675 31942 12980 15269 1627 2150 5218 73794 58448 66415 43408 3635 88994 34726 14257 40103 14115 10419 34059 30787 30871 97301 
252 188
9005 35488 76994 89298 82273 45869 65633 95917 74298 74941 96444 10163 90774 64697 82637 10675 3265 84438 27995 39759 67327 48225 49957 70146 78522 58173 5354 16741 51908 57789 16718 47791 40446 73232 18341 81575 96044 37876 56366 99413 41992 86401 67628 30299 48601 59953 88021 44923 81985 28193 98967 84452 49771 41491 80380 52213 33237 18131 61199 43219 30446 15926 75534 62074 75513 1050 58221 521 38069 51661 47943 77477 36299 82341 75052 90069 3271 31584 91396 86589 32249 31319 60294 90910 49716 9511 15933 87927 53940 52565 17650 18801 73627 13761 17479 7792 31971 10763 24429 83253 32496 24338 6791 36118 75107 69205 15114 92570 71890 61225 34744 39934 59 75586 48596 62874 18211 90664 17416 81213 73061 8148 49730 90845 65683 74456 67154 70113 84788 86458 75964 26792 62739 49493 72070 18574 23013 84044 98488 97538 48910 40077 65024 83532 21755 5430 61052 64164 48759 90626 39008 99240 38837 94571 38084 29060 67738 96559 71785 72963 24007 48426 64919 71010 52788 30993 94103 35901 7187 76581 78500 26354 863 97584 26341 17808 41656 16028 11892 45540 58494 53950 32082 2841 23855 33376 26928 27639 
615 296
72857 31637 74501 73120 75160 48703 77705 7495 77309 91950 53137 11111 9434 18683 77047 98077 82336 36743 15766 73405 96165 898 64092 70708 67896 55246 36241 42792 90525 65627 84205 52810 80654 15038 29235 2492 85931 59161 53960 12549 10654 54253 42703 66424 59042 67288 18614 12501 9575 13745 74541 37342 38361 50785 45440 75976 85991 87954 58962 22013 34051 8710 38811 36227 23460 68238 7064 95051 26497 87211 35452 22900 46674 22026 64256 66122 36686 6341 79637 21668 79714 31970 78140 58609 49505 77010 73124 6416 58569 4931 48000 84580 9860 83184 42373 27411 4713 56885 54544 26733 392 55646 26757 98933 20086 91933 8426 36338 64184 65386 97882 2167 34110 44999 83908 85506 12313 11069 98791 22843 31194 93599 93815 15063 13098 621 26075 48460 36940 47883 33801 14136 84539 58502 30276 50474 30307 27166 83585 27309 89247 6258 70747 61023 21752 60876 17200 69714 83207 22725 85926 3836 30046 43888 92762 74778 10689 45361 67751 67523 36090 8822 73667 48277 48466 26136 57528 85173 93989 3699 34742 46929 58763 90615 38559 95259 98066 58629 42952 33521 54645 59744 76705 7797 59318 96237 73461 37254 92176 4752 47283 87618 26772 93551 26436 40522 54595 39810 73594 97980 2084 25895 90847 6117 41103 92719 63973 49326 54711 10194 36216 87035 81882 89640 39485 17483 34249 67178 12958 44582 96497 66016 28773 78323 65636 26580 10432 40021 46050 57059 55810 45660 45172 14028 1768 48338 84332 29702 21706 62348 50202 69344 78918 56654 96175 42942 90154 59945 87626 42922 81677 18177 51506 78307 48353 7218 69590 45138 73944 42110 62159 46586 66109 70526 74294 10503 7810 47051 16921 41996 54606 86333 19800 37615 88243 88912 67925 32257 15554 88117 9788 88635 693 42251 72567 26623 83617 20252 77664 17335 39364 5740 52809 30566 58463 77207 
341 126
2310 19692 66431 29000 68165 4105 43070 24792 44119 89563 7337 20347 58013 56784 12091 14836 35543 49397 91236 84457 78504 6067 19750 25010 7692 22436 49126 85489 61071 67848 22584 86710 14780 30553 1748 53654 22573 46889 75772 51085 74611 5364 60032 92431 12380 90078 71308 38255 48060 72513 16991 98711 44657 28734 48722 75715 28840 45193 51588 5833 87751 43371 21654 10858 68469 5531 7386 3639 19563 17687 74441 21145 61612 43382 31210 37193 51393 65594 34033 3737 23600 73279 67863 36129 23903 43737 20099 78848 48171 21734 23306 79023 8588 99303 63250 84051 84171 27539 21177 84023 25253 37249 47458 26655 78635 92745 80379 14633 9595 44689 40966 29940 53996 96614 45129 41301 65482 14686 28003 86685 12710 7179 63895 95907 94158 61447 
952 282
45257 20834 99864 67080 31021 52540 20324 65232 55663 80613 16087 4021 92713 40724 85057 94985 51565 51486 24656 38562 77542 38372 2426 96224 35942 8022 93085 54772 57751 29812 95583 75847 85197 49870 52577 59229 70126 4916 79847 11990 23548 15871 74158 2974 57635 29513 72024 87169 17244 65031 79400 50821 44641 76306 56447 89078 46856 45731 37101 83249 29056 61200 3370 86386 84608 28104 39418 89206 31347 5089 42504 8553 88643 4142 21813 62294 89017 96215 57540 25058 60351 61895 94055 20130 88474 57978 42667 37697 8083 90400 65081 45009 59853 91798 28500 80570 24744 75311 78509 2537 96862 91371 62322 81648 63693 22290 93996 88410 90665 51733 15868 54534 8813 32704 91763 66586 61829 66566 77128 90656 91967 40238 57063 49338 50143 11160 6613 19450 90556 17720 85800 76307 89395 67051 48886 56843 13321 79524 16189 41993 91975 1080 32261 38772 51524 30534 32577 12847 14086 4971 74563 14820 79155 77695 22369 41632 45572 75696 24740 15463 64401 12629 90223 63602 45002 96239 96620 3946 277 11072 11795 60811 63790 12486 32359 85189 62232 95132 95494 67449 52169 89248 67950 75659 50444 69699 96269 95026 99076 14329 81159 10538 74191 64107 42133 10076 62862 44158 49304 56269 85182 25154 85598 1391 44218 25326 61334 73980 84262 52316 89401 30423 79639 16765 22968 99337 23701 12476 15968 63886 94322 74826 94100 29261 75186 83225 40568 48552 87440 41760 20982 75483 8046 92758 89978 75305 86764 20313 67340 22175 82518 7527 60330 33245 7159 71507 83086 82483 18883 41936 69029 98517 49361 44669 7727 33442 12384 73810 87840 70795 5605 63654 90506 62345 91166 1700 4818 60969 18224 98576 2733 38680 62632 3415 97990 95884 83895 40240 93833 97893 27429 10794 
589 280
88561 99351 73050 24998 80723 27971 35334 26726 59396 26432 19296 32802 24202 49481 80118 1387 54540 15850 91453 56815 44684 88748 95370 97254 29578 85610 37701 1713 26858 69083 39478 41329 24555 25797 27235 89727 86664 23896 26708 22259 5394 33557 28380 10096 76965 56682 33335 34843 98320 78182 39026 25650 15494 19602 66118 10155 81904 33851 68290 17210 40989 95602 80544 46283 20960 38491 42150 80367 91183 6892 25761 51955 64925 51561 16872 87732 64602 99804 64380 80585 73655 11910 31707 29561 6292 26814 57674 23286 57611 1338 14108 74655 86609 53690 88292 8825 89270 8346 74794 69134 33453 86215 69332 27504 39151 36834 84320 90273 74384 74038 47544 64698 58812 8568 63813 20362 18283 13529 19501 80923 68456 46678 27896 10561 70814 31254 87414 19512 48958 34555 50838 2178 38593 94334 58847 66436 63491 50217 4200 9004 56431 34344 62736 88652 15795 22426 35471 2697 52883 93577 53031 46694 30777 8441 4358 69490 93034 4745 56973 70761 15197 86756 85332 53303 41428 8365 65844 91130 57667 94360 10643 89288 37076 29101 14602 16394 3372 70208 92377 77942 60728 63004 64304 5096 99599 89920 69578 95374 1309 53823 32912 18364 39716 43914 31850 49895 87774 96546 61183 6004 55101 90200 88805 19097 96078 55435 95646 82038 45364 578 14270 80172 82720 62343 31228 90936 30349 71441 31851 45027 54166 124 6538 16197 94027 70766 28066 33711 65843 37946 63980 90844 33165 4491 12075 94263 45791 57632 96010 79353 7638 16526 34119 6216 65908 38587 15596 4515 19258 20150 91864 59462 77767 72057 30282 73530 74449 73850 1618 89974 50397 89791 54453 872 2701 89292 80916 85554 98009 64590 24836 99435 89393 74098 6872 42854 57454 85081 48928 55928 
470 268
97134 52941 4739 47552 76287 96922 40562 2952 66065 68060 6059 20243 72165 73642 71403 39779 29888 97016 24654 34569 45501 34015 19637 66818 99033 1294 49700 94531 27285 29923 44759 48393 86355 96733 29591 40558 99797 76275 71423 99169 25638 69477 88992 71592 79091 71089 84852 43829 33644 82173 76388 99692 49371 51742 72981 46062 53114 45890 12208 18965 8972 62538 40887 70169 3173 68845 27838 72365 35390 65258 45637 61197 73491 23713 87378 10103 44708 60510 86639 70961 47314 86652 50 97813 66105 7711 7944 81322 24114 5407 3151 40972 64898 97139 11719 80759 57318 17752 96202 44864 82703 39516 60192 52660 49150 64339 29624 11218 86860 2902 33382 63685 71466 44639 38391 93677 33774 58266 11143 13620 14963 2396 33447 15562 86441 63672 61464 50898 81370 90781 96977 63356 10973 69519 79942 72326 44547 21202 93021 42094 72843 27851 30532 29679 80104 26406 90384 34538 10089 64823 4724 62494 36420 78519 30178 85623 76238 40699 42344 55707 21713 43179 71399 10861 93478 29387 69899 80138 57057 99790 82041 76528 9523 7984 94439 87555 55354 17156 25731 95953 63947 90017 22317 1793 47524 7801 24412 3420 92276 43312 21791 97609 99966 35530 87750 74937 75290 26547 67872 29798 59020 3005 17566 58671 79137 61153 91342 583 31855 40824 65173 28110 46598 32433 23422 89366 79670 2116 23795 56875 88626 33288 29849 67003 99491 96495 39940 26832 27104 46961 13926 55339 72456 69337 88245 63017 48680 20792 65502 91640 91405 5681 94501 78995 64218 8326 11121 66900 41469 46109 99839 6486 82466 77467 28847 12521 3218 34097 3057 64986 31480 90417 37951 41456 297 18724 32803 55796 
606 264
27077 99359 8608 7537 88843 5996 94120 72265 86446 70216 84686 74610 15336 25881 9494 50203 26207 70700 52308 11108 41043 32714 73411 52399 66678 59349 42372 42411 51694 40716 31157 22669 22592 92957 19416 90399 7440 85302 48895 1069 29525 41134 25715 37031 35349 23123 19074 28645 35260 61531 23767 87699 20463 13949 19047 22763 65472 40005 97959 17304 5840 62519 71238 80087 78378 65243 35734 81584 73314 97591 82183 47806 63156 86294 81417 41047 17131 97602 78539 69043 19407 86196 79448 65839 18187 28296 7244 20141 415 40497 87118 75392 92819 62812 48476 27985 69302 57342 22980 79273 12276 57564 79756 54765 2849 85989 21248 46949 40271 45725 86044 85364 58855 96552 49995 932 35192 18768 50719 60470 86193 52103 94777 39505 39143 38083 68049 66770 5582 29247 78266 53889 40284 86861 95560 67965 26985 8237 56802 34283 89317 27454 5909 81709 24313 45135 50119 67949 93401 8827 72302 49414 78268 11975 44485 2876 53702 89862 27787 3767 86644 15020 78106 69782 3559 7114 35148 52030 96112 89437 2048 15617 19658 83242 61380 11995 60476 1279 20992 6834 21506 50166 27716 46421 21073 60699 27306 61107 19598 65801 62826 53003 3603 75614 30985 55985 16133 90233 18011 35429 33632 81736 73108 3430 77764 30408 28329 84659 74514 35453 64114 24667 74824 52034 66353 98237 85976 61392 90304 70791 79054 51097 70805 60815 99656 67606 17814 42307 80690 32748 35744 89533 61049 95844 17104 63797 64715 82909 61391 95859 40023 95630 93545 40488 9067 44706 75228 36832 71324 40511 65905 77062 89044 6995 20930 27421 44244 27347 58368 30066 84099 97114 57668 1758 
247 253
15803 37784 83466 302 73490 27410 51349 17221 18815 92882 79457 7212 18458 78817 37909 9684 39952 7127 21281 55451 70328 42214 84388 52806 64668 41616 9032 6149 78734 67032 8015 19004 68275 48029 39128 15520 23214 61103 86347 7017 98462 12823 41484 62240 69548 28673 81081 77831 8576 84497 18703 96077 81041 62659 14647 37165 53575 4412 48023 72690 88256 44660 62403 38159 98139 97409 33659 7608 90272 38304 33422 46276 88865 19399 41824 4121 19458 17615 28519 38252 73243 1384 30317 76569 55300 42658 60012 46338 31024 54144 61950 38201 58844 64826 69260 21947 55420 99985 52535 65517 53179 3305 77581 37740 42475 62942 93517 43654 27050 49751 21304 39204 56536 95838 96904 83131 54973 61834 26137 62255 28050 76900 60597 58993 59828 70370 17817 62713 56286 33871 25235 25440 78211 78785 86962 3619 82294 25232 90324 20787 47968 5372 80935 25874 61556 71494 34092 31733 54123 80824 77547 59424 56814 72824 8597 46717 51145 89797 95473 44607 34474 18729 59772 32431 84174 42805 815 25444 19161 88226 51989 8319 69033 97344 57628 45714 41858 69381 27107 71517 67603 12310 51417 54086 69790 22133 54387 39403 62178 1499 99139 65095 40913 75103 95328 20741 25068 86950 15118 39421 82579 38948 25132 20236 91412 90566 58738 31926 25966 61827 10567 92563 14447 65950 5875 91362 46369 46935 8567 50743 90823 36564 95500 28009 40206 81902 2783 3750 73488 22176 10418 34259 91468 54381 46720 63292 25173 12678 55534 91819 22237 70382 70526 48353 36574 95742 96541 50207 44359 6539 37601 18214 88748 
621 256
35347 42834 69942 59137 29464 87891 10314 14945 62728 11658 79550 74365 44369 97675 92844 36955 10207 44180 32502 86758 45335 11912 73458 80176 3581 49643 96434 37806 11388 94963 40162 30679 59357 68180 18544 36951 13329 88607 77959 70206 57616 20176 72711 19178 70746 27406 83292 97574 64389 17618 28150 49015 4060 16916 17256 29006 15760 64115 27046 7371 7938 62894 81850 19974 62258 7987 5414 2972 63799 24408 77713 15370 35648 80153 34427 9316 48620 417 76301 77145 76429 69799 30146 38522 74671 16875 76214 1424 56215 10092 84362 46257 93230 78830 39908 46399 61194 62913 25049 36702 82408 11054 78274 29744 85619 48132 36942 72450 76514 33052 64773 64817 26008 33030 66600 58237 44063 70858 26653 92233 79689 45311 23846 4489 79936 70063 3598 356 20214 78811 52696 89625 31672 88941 54942 22673 5609 57757 79753 61496 45606 32792 70716 64587 84410 40397 29210 48987 63817 27742 38856 79472 40553 13504 21643 81339 40030 82073 107 91792 82591 33604 75015 33299 9474 55352 38259 44357 60998 33810 22614 88407 14654 50650 71 53719 84516 79877 19897 79152 21674 66902 1463 54224 19324 62823 84463 24090 76079 23363 5693 41537 74115 76567 95464 54915 90642 81540 1990 50873 35720 59884 37219 77859 862 74665 25407 92011 54526 74185 69902 91489 98532 73625 60133 7510 69909 81117 5661 30564 56619 14245 25115 15784 54654 28632 16312 93259 55247 58673 64950 55660 69235 23883 41142 55704 133 3644 50089 70867 91136 64846 84240 72295 29400 14060 20605 14872 88303 78398 41261 96589 81894 6578 18468 39169 
927 250
93871 79777 65599 43855 54977 25471 92830 86276 6197 6951 94338 73971 74348 67656 36811 94007 46747 43686 48319 80067 63072 19455 90601 97703 75561 10923 69371 66225 88360 57210 50173 78267 29339 19614 75323 17154 40089 47639 88860 59888 71180 14805 27615 83842 8845 48808 24223 50330 93225 64045 93110 14112 96156 39978 92118 82989 91972 99777 4529 7718 79203 24110 44072 57993 30318 87815 11617 50386 21025 77313 4052 25025 64572 97207 46045 44395 44195 24636 53176 2665 48284 46277 19536 86630 46853 82023 28613 81293 42531 58667 10834 28818 17745 60090 58506 96142 82152 94570 49782 19595 80283 43436 8598 25006 80839 87835 10214 54338 14928 68423 88087 91767 43867 11590 17421 59316 59147 59024 98234 87057 14231 24891 48155 21926 51510 18919 59579 44109 36790 60571 78703 49060 15721 33555 17897 41742 73014 17631 55757 43284 53455 92339 40670 2015 27698 43778 49891 22943 81151 55724 28956 16320 61810 8231 88658 56966 60064 22995 27047 34625 8921 77391 71131 79283 94856 70394 21175 58992 54893 31506 46442 20036 10027 58513 16397 50711 55744 77042 55894 15184 39773 64276 67967 14813 50888 27220 69740 37658 31220 78056 95988 21433 76750 41818 26321 96738 86140 72487 49492 10573 18416 22972 20873 37214 62621 56335 95212 58935 6735 70087 28462 98339 9864 91945 42101 29469 85210 19962 24912 97514 91703 84441 72894 87332 99103 82839 70231 79445 45272 41313 32211 64209 86688 56663 83481 99691 75794 36007 67368 79030 88810 7333 41048 18864 13101 12068 69258 61642 6637 72180 
498 230
59336 34880 62676 32741 20943 95273 7879 32858 96573 25772 62488 95245 21133 29651 84323 19990 60920 58542 37433 83252 60543 26675 16529 37767 13690 59864 19143 96194 9369 85959 36544 27812 48842 36051 39382 71998 97551 58732 87667 45228 7977 99816 2077 91156 2556 99439 98698 29311 1238 58241 62815 76082 68660 50784 2999 37178 25155 41555 45460 86643 16382 78547 50970 72340 95178 83502 20563 22566 98535 23383 54249 32623 42833 19205 51696 78881 88704 24104 6426 89656 4008 60609 63002 25861 74756 7775 22284 32467 39454 61697 76285 3942 30163 63906 31959 68995 10047 88319 25313 22545 8250 52494 86755 78934 50679 86501 66097 2636 53860 6055 39923 59841 92741 95746 70710 4158 97026 46197 28002 73951 3377 12362 24664 78786 67408 78582 85543 66217 73868 58880 9768 78892 64231 4241 99851 41850 31603 8415 98102 1397 30338 68258 25082 52266 55599 54513 61679 55417 83423 34378 86264 13255 10569 78947 60164 52229 11735 60052 64621 7767 46303 28780 77842 55910 45145 59551 77995 65055 29466 67372 97582 53822 83142 92986 33391 7939 61005 44193 73322 6116 89869 49979 66803 96102 92488 24700 53174 36788 98040 74325 15011 79677 340 90091 66634 72793 37353 12918 77867 61095 46497 6343 86912 50348 71921 63583 92374 89038 23714 25821 90291 41255 55086 73249 72560 94443 17513 51489 15814 9556 28039 42426 64412 31728 63475 97318 4415 77756 24614 49448 
284 216
32108 44325 54892 592 38866 28920 67585 27024 50385 58208 92924 26317 15493 18556 14036 12677 54480 45298 28051 66120 41274 67930 42988 95405 63448 21967 6279 6444 95842 13925 51029 10246 53628 74854 17526 96527 95515 67713 68857 20242 89002 80805 60625 70380 84547 57404 62221 73709 99738 38402 56522 4179 27248 86505 7671 20239 16359 8037 62225 35109 17933 48715 29536 99038 44936 51801 96584 11687 82086 39306 29323 2989 78728 18248 33691 70478 57178 12371 41757 98035 56605 29414 6583 10111 34571 49184 1208 79415 61412 17974 95041 99307 69429 89660 72250 22717 33811 71879 94621 29595 50505 49601 30756 72491 53310 71454 19470 17879 80011 8297 34238 27969 69605 47722 46768 50551 82095 67177 85288 53371 77163 51220 87349 48892 93991 54541 77688 14621 37892 56324 19308 94890 72592 84660 84597 79357 2532 37156 53490 85583 32940 47935 15599 11273 16596 3004 33360 34342 38492 40543 80721 2119 95510 60181 37630 16466 67975 33141 98748 74495 14342 90303 38895 48651 48569 26365 95186 47667 92448 63478 77071 68417 78299 29969 76961 61848 46117 48936 83958 42137 79114 41039 68061 20452 23193 5987 36391 34541 51325 33853 2361 82415 55460 73633 67324 36828 53209 13263 80248 82789 99675 47985 658 68395 4593 28986 90241 67654 95944 3761 98097 47326 82168 75686 49854 4264 
662 204
59431 84405 29330 95408 83340 85143 1134 35036 34854 55590 10633 87849 50867 55538 80219 87323 70490 44118 83171 53846 24451 95418 20286 52557 66517 19082 26829 21461 86479 84632 17374 89843 85023 29296 87149 57136 28053 47372 30243 84316 36168 21219 37914 66849 17225 32226 52098 76510 23261 96752 56382 24328 99228 34763 46080 13405 82683 40320 72382 70799 91216 27195 24358 56548 56859 13821 99838 47574 77140 17607 73908 44847 12781 76836 20292 698 74161 15112 87298 13629 16771 52392 80022 1979 10482 88218 97381 39512 29677 19596 35206 71940 14719 17049 84662 30390 3926 96219 61526 31127 285 31657 77171 69292 42908 36929 19163 89894 5888 51160 73763 35536 84638 5331 35876 18796 81199 82665 92518 35303 93941 24047 90246 22275 15420 71100 63678 33931 72844 14529 22227 2557 24292 45183 69242 61227 58658 64654 73253 23431 88664 60959 17949 89111 43624 1856 67888 45388 81987 43938 79256 45130 20571 90364 81659 76606 10906 40830 32594 75041 241 6537 99255 95625 3510 30328 47197 28507 4227 84545 47893 40262 70038 13807 50929 95157 79876 67301 66090 54200 5328 99443 19285 66416 86326 55255 21057 55658 63983 99059 84254 67295 39795 11275 65038 38806 67765 8721 55638 59121 41630 50574 6508 96225 
160 200
98295 63550 18155 29632 70955 32866 30151 58792 44812 49199 15481 36602 92781 86963 61321 19849 36798 79106 35996 7734 75419 27634 44808 25116 57805 36822 68371 3379 26680 9285 87443 89820 79198 83930 22846 15362 95569 74755 42869 52274 42843 36398 20217 90688 51023 37080 68535 57975 49472 62291 7339 19885 91962 55610 33147 92492 37563 68865 29884 49380 38795 12144 39188 11620 90730 15525 74981 21863 99914 10848 2747 25897 22324 5979 45589 69678 93513 76117 21141 4860 62022 81627 86337 38937 17448 19177 28265 80340 61740 96326 81046 84355 8819 10430 75267 32588 3345 91193 10982 29861 80195 96005 70181 11597 1347 13040 24672 69044 70418 89208 96999 24443 8482 18604 54601 98330 19274 2023 7480 4863 43133 44586 78516 91476 96571 36058 36429 57457 33289 36669 51009 42247 11248 82605 63367 88638 96657 75905 51975 55349 82548 17108 5274 63950 86576 18336 58901 64739 46151 39543 45175 41149 47366 26359 3590 31690 91821 6130 8291 53757 84528 31269 34863 81392 52550 97968 77323 14831 21563 89954 73987 32683 54133 78989 68261 39463 96063 70114 6607 64560 43858 97094 19828 4031 1275 94834 4524 405 42023 67371 39416 47649 26275 86416 86174 4191 28755 71214 7059 8700 
797 192
21121 65553 28128 46009 92205 81302 16609 80799 6090 50619 27494 75429 89234 37555 65616 42335 91065 51265 87620 58874 64515 92916 17610 33190 36515 53221 29239 36916 44384 33554 88176 11636 74556 3140 59708 47310 55257 47752 46611 2010 8435 56030 25787 51367 93337 17107 10099 3928 69516 11564 39634 42628 90255 79221 65724 55690 5195 35017 34841 89402 92425 76355 55748 49273 42838 69049 21282 80735 27606 49552 31136 72974 81927 46939 99826 31399 81095 71852 87939 4790 68786 3211 72595 94492 62701 82238 20638 196 93740 92846 49216 10903 3288 71015 62951 98312 91517 85871 11831 20984 16904 65382 61342 96842 36206 98866 24725 47578 81084 54547 65729 22785 75169 76247 8417 67576 27498 11491 3531 11797 10701 21526 56027 85600 76431 91045 59220 19900 92226 30357 5382 38195 60852 9383 16937 38547 48744 38228 64978 22480 11709 56677 38098 67706 62613 23577 18799 41778 826 9764 64509 86499 3509 24151 52629 69814 74544 74259 84199 35930 49221 24794 57796 77551 24788 1814 95050 97983 78827 76744 73827 97040 31813 87198 70008 71686 35964 1810 87636 86455 9671 47058 75630 83351 19233 39881 87433 67584 62690 79491 36072 98276 
834 188
28235 31631 32846 20442 75322 16080 90748 87233 10288 33882 38463 60305 17476 37857 52563 54841 31424 47408 42367 82943 80737 3032 28962 87833 31346 93785 63265 41755 50757 13178 93825 39262 71224 29840 50021 24689 84795 48349 11858 89805 44237 20105 56003 28841 93618 75785 15299 70464 77552 76646 6555 26770 51476 48316 49196 78069 27587 93070 2477 8988 34950 25973 78969 41375 81474 90959 33969 9317 10676 36133 39848 59649 32279 39328 42586 80476 97806 88130 16882 12795 60716 17250 73518 70506 2434 91944 16650 55383 2605 48900 80308 18732 93641 54429 47812 42276 83188 3221 14640 13787 79571 24149 60749 84713 13163 57932 54546 31019 44391 73715 39325 780 22209 79012 27065 20492 89007 87348 80330 23705 74760 94462 20815 60658 78203 71546 80089 72886 6677 73492 50881 62417 13279 49479 55631 16383 6430 49309 52107 49501 85428 85162 86695 95448 39220 61655 97597 2359 44 26938 38540 84421 7421 71175 23218 95875 85184 34198 7720 55067 29772 65322 55427 65545 85338 5136 62839 77784 7511 17001 71954 52129 57811 87365 4509 75047 68973 46430 91514 20027 48866 50196 20173 73435 16652 40802 5601 59295 
506 186
26227 81068 85433 65226 45617 46753 18435 79260 18210 21553 17361 18504 26387 99850 678 28393 87878 11172 84202 34502 96721 78629 58517 32628 42923 29534 39985 27577 42706 2450 41338 31759 41343 5145 42494 3120 3832 12853 96249 18314 21923 77672 97178 3323 75463 76918 87362 46812 34375 36034 37111 42970 72158 1826 16734 88356 51047 90552 72960 34416 95566 12898 15189 87825 23520 20614 99070 47507 81802 26756 38446 43637 35466 94870 29508 12700 87803 81938 82078 44419 78478 43969 49198 11730 59249 74949 58146 8582 71997 12778 51485 27116 28146 49597 26320 73266 58879 86449 91751 77256 61769 74802 43409 88116 83113 17786 41570 72577 72654 33174 73247 38652 32946 83139 22649 74345 99916 60598 43336 62012 97832 11404 32873 27297 68673 79934 31875 83235 42005 69758 18198 44185 96275 53422 10025 80529 65484 52798 24039 62340 62885 97855 5392 69472 4436 33531 41951 38357 11794 95682 12210 50550 2194 18345 86496 66627 59703 86415 60227 9399 94286 90985 43301 77820 82700 49757 9919 80450 80383 49149 45090 91224 13826 15823 17103 28544 66491 48273 7075 17440 78208 15559 8759 8236 71437 99883 
267 182
82414 95675 11117 13338 3922 57843 47553 96306 83976 54035 84259 79795 10681 52422 36043 86311 58379 17584 2222 12202 13307 97906 9659 6235 33652 20142 73582 83257 99918 38499 44005 8063 76193 24705 53298 4048 42607 37384 69839 99106 55932 57570 62092 69294 5858 48634 22610 69870 22546 83932 60531 66828 76289 48658 26871 91491 40441 11900 95261 22608 58082 76136 25617 71781 62252 14572 96772 63715 59715 34836 9875 24354 67394 23838 81241 25645 65109 45237 26420 857 75635 16810 39462 14846 64347 11593 16835 95522 14198 99989 18586 55670 57605 44954 62373 98264 838 7220 28969 23114 91418 25182 84899 27556 80151 16894 49082 90054 58363 64872 57853 14000 83690 48248 65314 81050 99541 3703 57816 13649 84033 63164 32521 23790 72290 73960 8891 81167 95567 98850 42237 13080 86737 40114 51370 79704 40591 86383 45792 26833 55121 17064 8888 89006 42864 74968 41031 43278 21501 64972 75208 72126 47343 7869 59790 92010 65912 51713 67922 83828 66601 12377 78097 44445 40877 73474 80764 39937 97479 50030 58017 63042 29162 91871 76824 91430 51087 23873 68492 24666 36289 64321 
287 170
29838 98323 74733 83956 99468 43785 18581 26991 88198 84825 70709 16276 65283 62664 23075 17174 6939 53116 93572 69041 29027 97557 23727 18616 65462 36084 7926 34710 83291 55734 7472 43526 53749 47019 97529 13247 83110 80781 12745 39010 27473 9076 73564 72011 64273 27209 1009 79618 24774 89864 80567 404 62117 33655 53044 64663 87116 91900 78433 62406 96943 32988 94809 12241 77922 26629 53913 77821 45968 74513 71578 72192 28102 64936 70236 95022 47021 52848 84382 85954 59372 37452 65996 53530 15777 15381 92277 49562 45788 32526 75360 85783 55134 30562 97528 52154 49385 86459 79241 6755 98526 87293 48013 37025 55543 42522 94941 41268 33884 45312 95932 38658 39117 49061 10329 67830 89488 40683 29597 92879 73851 43474 28947 36881 83203 45401 34122 73621 45419 24432 13852 66163 12604 88539 45712 13107 81634 25337 93325 46675 99760 36739 74201 45536 53164 20135 32397 3144 79574 10236 76442 66969 29831 27389 89127 68065 8008 15649 16048 57540 36940 51989 41916 9965 82912 67967 34587 52354 79448 39026 
388 174
31811 3461 44768 59710 82331 54576 49319 99583 97674 94279 66574 97694 63183 10357 55977 95677 99901 27547 76667 62365 27465 30457 48527 27445 85201 49290 13316 29478 45592 51399 79298 47226 64677 51364 49504 93525 20092 18975 58766 7493 71832 15590 35881 71887 74869 17276 65863 31107 23608 54998 81396 23913 61910 48850 30475 26517 22598 18280 82837 2761 21060 59210 69939 67971 75326 6821 70056 81465 60317 35610 82282 85862 68297 70548 13506 98907 23410 58501 11725 66240 64354 41931 15126 1412 17008 44168 16173 41842 56439 8681 57931 99630 13268 31535 53529 68315 49704 89840 92595 64794 94254 1541 22214 625 5727 7323 18135 29655 91344 67259 58979 37529 266 52882 94816 27340 59080 22121 38755 45795 84480 50388 45604 44144 69778 62524 40993 92285 23689 48317 1606 98284 79939 62886 19404 74327 22204 28575 29107 48415 63664 2308 52000 69348 66801 93179 92035 61861 95867 98074 47393 83806 50449 61736 20080 9096 83403 8844 54665 77971 54966 19113 22271 82355 17807 13000 49999 81831 60076 99552 48976 93929 19050 84045 
102 168
28987 8950 96883 6419 66172 27717 36164 43672 80100 26199 42769 46759 98802 43192 33886 21344 28263 72941 79309 69324 42774 41234 74614 13443 82249 66102 17358 10038 52070 48894 61469 78606 26502 40336 1528 6424 98388 92099 70026 96520 50510 70486 72424 33207 21502 28406 68466 67316 28236 12555 30340 97950 22803 64423 9348 61572 40314 7497 14158 84661 68329 88608 18650 37008 36547 76924 34456 29378 65266 24533 31659 24850 10558 16890 10534 53082 6047 42660 73622 61795 70733 93101 27874 2848 73087 83564 6037 86367 42828 83880 8180 42930 86399 11487 67489 16954 51490 31979 55745 60054 5342 24660 23864 26581 71882 81177 21387 20461 99083 48064 60179 61462 40199 39357 74022 48434 293 3178 71553 6659 87766 68048 22879 91749 21192 74029 37410 93385 2311 37413 30295 71796 93359 2053 4837 76670 12193 281 52186 82771 94510 42735 26396 84046 45338 76857 77681 83146 82164 8917 7532 22502 32135 88152 42061 83433 60010 14090 18414 43091 78889 98427 23269 74167 20043 24369 29036 76227 
765 154
41594 91102 62206 30135 4947 94986 77560 2714 93597 89354 40986 10851 33718 39722 90641 12689 52401 90553 94229 16711 22139 34552 87695 94674 46320 97713 50325 94936 87481 23681 56664 65101 74673 70356 42656 35948 45563 2824 33547 26326 44533 54204 61718 56648 90527 69356 99500 7056 37152 1383 60372 20200 96763 88050 95835 37934 54250 60472 65013 92682 20372 55143 34732 84368 8815 69456 1442 63031 68651 92626 57349 17147 86585 362 20965 70033 69404 86611 67409 6594 83651 24318 67050 37765 99501 272 499 12119 88216 83888 62525 98761 72472 84993 34928 96810 31018 70130 39706 20083 10441 58185 36568 47253 49921 877 78122 15756 31606 54374 65433 7082 81290 35738 25896 58654 84498 28363 58893 54389 14935 30256 15301 1647 31128 515 15270 3888 66378 84824 12667 85000 29843 41572 59832 61349 49721 47764 57618 10651 33012 84809 26583 49768 14972 7540 97107 83856 4990 19150 71389 51374 46950 57314 
101 144
71817 69158 21589 73877 26312 28101 93318 42981 54484 98156 28373 98212 9809 20555 74408 75919 14212 32732 14595 62630 96379 79531 48168 16569 564 5175 64684 63995 55606 39321 67242 77748 18956 86010 25423 25734 73311 30902 71706 83966 75936 51390 62262 60333 48820 91417 24863 68542 55216 96914 7685 91336 1477 69142 75026 8594 98777 42605 9192 10082 58135 7700 40754 75728 22997 69920 51709 45058 24812 20889 85953 35967 22440 99385 84570 12571 79300 11271 51159 70659 80668 71147 48942 43548 34761 93485 20396 63815 47083 93360 40057 12171 12436 67001 73993 58894 305 54522 14711 81355 4849 41783 65122 46100 87643 11018 15358 21628 62607 42163 83568 45229 18050 31688 33603 8483 52704 8084 50997 38725 7843 98353 41874 91227 33873 12293 16575 70874 13942 4458 26870 71227 75573 76613 45235 27845 44331 56801 7430 14490 23747 40118 28214 26847 
260 136
50524 82496 64579 64443 70524 48412 11704 54310 6730 66635 88835 61756 55925 17594 9443 51682 37809 3921 12463 52762 53567 68236 86549 68405 49647 62180 55822 27525 24076 25205 70532 43735 57144 3929 73227 62047 51963 27633 66981 99690 37220 13138 73521 89682 41242 48789 10140 89902 674 54152 19439 44076 25204 22794 14543 26198 99765 7178 97864 64468 66810 21197 2691 86525 72041 15838 25980 66696 5410 74747 42913 67453 77419 18145 30965 77965 73566 15464 27150 7259 83647 80632 12590 92979 30542 75474 94800 75388 76960 63358 95542 38457 81733 71946 50560 50256 23761 6162 37918 23785 13226 77173 72670 77187 60454 71446 50767 68927 59961 56934 59182 50324 34756 56543 36062 42283 77740 1751 89519 58746 34412 43591 36002 19904 85934 44943 16625 81487 42685 66324 953 2836 77639 76498 11395 67349 
842 116
33134 89328 64489 12028 56210 93975 84673 50573 80708 84152 21113 13298 48814 31727 85416 21704 37800 20942 86260 63682 75825 85407 33111 42291 53002 52664 38210 42197 21656 52707 72142 24907 61374 8290 42084 78496 20417 91735 28900 11853 68452 1041 46923 62543 11310 47222 4799 82538 65940 98566 60827 76562 19190 35137 81958 75049 39285 54312 16957 42230 81052 20301 98309 8757 90869 91729 51298 69763 84282 67599 61953 72166 98107 21522 64038 48300 39084 73619 14634 38127 10452 90599 15186 12876 66871 29635 17849 7198 42893 75945 1711 66882 41207 23150 19354 40490 45523 92629 36169 61513 64207 4571 79984 88575 17701 48328 61467 93142 12450 64896 93878 3122 6242 55286 98057 52032 
184 114
15966 71063 45208 84293 75741 21631 45038 73283 38321 74200 27660 97355 59034 34471 97951 57958 3304 45651 93019 65 94499 10413 15454 23840 10844 99129 90160 63736 65861 86064 41939 4506 51569 27726 48314 15548 79310 70901 32042 55429 27370 66977 63440 62587 39912 1215 96428 30946 88286 75548 17680 62950 95179 16883 14296 1864 603 89777 37017 51879 8758 68468 41813 41606 20719 51385 13472 94591 41214 95709 706 77516 40729 17115 45692 62264 97295 86113 60033 8425 66588 45827 35634 45283 81631 43498 47344 75375 20906 99714 58628 31239 90031 80896 71760 90062 98996 4877 65475 95554 78414 80508 76497 82678 48347 1296 5388 2473 71261 19250 8392 81478 44497 45857 
865 104
36263 9900 46326 6753 72680 34925 4923 57526 23387 26686 10177 7210 5266 77576 63613 2233 91612 47824 27800 70596 92735 78661 43422 97845 72348 35999 85755 4270 89839 3123 95358 67620 41362 99422 78313 7764 49135 58949 43596 54782 53150 66208 25846 21719 11003 46839 67934 70551 7571 9661 51861 93819 42914 96793 46040 20182 64857 69537 39037 26378 8984 82887 98783 74398 75553 74573 61715 27637 17041 97547 13386 93294 132 7073 24526 91122 13416 56751 27472 80742 36253 97413 50073 7722 1936 37831 3684 86482 30912 93799 74110 36658 4477 68093 29548 63626 32215 23930 16079 62091 50300 68256 93930 22524 
602 102
79903 15550 63011 33121 87189 30097 56764 17387 14932 12166 36501 75939 85484 30426 46139 97434 73950 77427 69677 93832 61389 94172 67152 65637 90624 63771 15858 2260 53812 43991 54700 10745 88856 4872 62860 88739 84258 1482 54410 51871 98352 42378 56331 79835 53923 94920 75515 43645 96765 59266 27816 6387 39709 11215 21673 21240 94426 3788 50611 73206 24072 43331 6074 26052 45824 41607 88512 51658 445 64194 30370 7842 96138 77416 59000 23413 77513 71518 90433 78680 34878 62851 81286 37305 37805 51856 77360 95251 48377 75527 13815 87183 79191 60800 88926 98340 43859 24819 68169 34288 65747 28556 
695 94
65937 14561 41120 85632 68008 37500 41780 89053 81291 96957 7928 6476 48528 92527 6863 58719 17521 8755 2668 21452 62778 92814 82592 79318 61839 61000 39725 79258 20729 52505 97130 90470 98901 40694 9592 20919 90593 7749 26316 47926 76113 96840 12195 92593 81588 48700 40746 87686 60535 36318 20502 36540 84328 98965 20032 68974 66019 13319 39824 27322 6051 90422 53317 86017 20898 12153 83486 89477 17144 73899 83671 86530 62706 58548 44444 53625 40279 45571 46052 29432 24263 47481 16336 49755 58344 993 45502 89258 19847 53136 28731 33506 62442 85510 
742 74
3116 48188 4068 9003 14230 24869 94081 40648 61710 26164 23898 87738 40419 85305 17694 27435 1982 18857 92490 48908 5460 55471 40878 84154 70164 24193 33177 46448 87474 64816 35058 35373 64427 71754 14029 39425 32071 267 63864 30526 75954 12890 60754 45992 39794 29074 77892 17181 40721 74169 85547 54208 3481 42430 94525 72141 14317 4462 10302 40900 58551 34846 91649 70680 57535 7138 30910 26548 76132 64580 37093 57566 86972 44217 
202 41
8459 82705 20207 77488 37429 13591 38706 24816 18722 36825 39499 92132 79783 43387 92210 37272 54156 71119 47813 88631 43266 22889 8887 24837 92699 31837 2115 78222 85648 21088 20295 14770 94808 80647 5922 39869 5627 54672 64825 82484 11629 
766 58
20730 91152 13423 41945 30359 82842 59852 16647 10455 13161 36565 94891 99534 47594 13275 82935 76055 72437 42794 80174 67884 85942 39452 41210 2351 91210 97422 68029 80999 79512 32877 48697 49625 27604 26969 41987 9565 47890 1328 39323 51723 16532 28107 83482 94727 87947 67173 30976 31124 32596 92112 86128 42392 45623 1451 74392 77291 88128 
665 56
33269 97793 3662 42416 89995 81833 10158 19335 34982 90287 14847 20428 37208 95379 95458 67579 83818 48198 89312 50732 90907 66290 67552 41840 87970 14783 78831 9986 88013 36623 2172 67573 74882 70190 91980 30870 62179 67574 70425 1531 20201 78771 53540 86102 1752 11887 93955 37569 93379 17660 27840 86785 41422 96691 84435 5866 
239 54
30252 3951 57923 43262 79863 82491 40411 88647 21627 76112 48182 41139 6264 42799 46467 31396 8124 78678 6464 86552 57054 9685 56928 37172 14456 26496 29894 10023 73042 46802 38861 87045 43157 81970 6823 49254 79250 60441 67377 96953 18388 76069 28385 14201 9652 57434 38444 9627 13846 81318 85799 37257 73694 40647 
353 46
9385 87544 47642 35388 1668 55259 73949 69096 59564 65371 35150 56098 98164 23293 20903 83160 10821 41307 89340 90834 58926 22674 25781 3183 88756 6829 75712 12473 1964 86188 78901 96767 65541 68276 51765 53865 50290 35282 48691 7207 27831 56449 26162 78351 13205 18717 
445 36
55487 95194 96361 45165 23766 51566 48977 96370 689 81491 72391 47627 99485 89538 39007 34365 54707 77856 51533 23968 76892 64096 68288 26061 68394 21685 40757 51001 34482 94709 38830 41470 40093 49418 2536 42141 
415 28
19269 30094 65412 16246 54986 83078 61977 68820 32240 2107 44517 75559 75024 88576 68962 81137 2549 91253 23806 34573 52312 59379 6928 10298 91106 90339 78839 76350 
378 8
72762 27785 44905 66752 60255 28995 59150 65336 
35 1
91112 
49 1
13650 
261 1
87609 
75 1
45506 
505 1
48005 
139 1
23101 
148 1
75777 
472 1
21064 
14 1
1968 
468 1
99636 
582 1
48688 
235 1
61499 
182 1
43202 
483 1
3945 
832 1
27711 
43 1
68656 
708 1
99878 
930 1
21103 
390 1
57527 
322 1
94669 
829 1
71462 
244 1
92358 
111 1
18707 
377 1
70166 
466 1
26054 
777 1
31754 
604 1
21178 
269 1
71187 
644 1
1395 
853 1
36696 
296 1
35187 
814 1
82526 
778 1
26683 
542 1
55533 
715 1
64564 
402 1
41841 
153 1
55556 
716 1
13786 
780 1
38323 
931 1
8722 
220 1
64424 
633 1
11187 
475 1
48755 
837 1
58029 
106 1
49776 
550 1
67354 
437 1
71501 
27 1
11962 
288 1
36476 
302 1
69895 
74 1
56933 
24 1
64216 
286 1
18302 
86 1
36737 
729 1
91154 
517 1
16119 
571 1
49586 
67 1
77973 
228 1
77811 
298 1
84578 
157 1
33393 
83 1
26329 
446 1
86761 
821 1
33045 
970 1
37804 
830 1
4631 
575 1
27483 
140 1
54386 
850 1
95753 
124 1
11447 
614 1
88451 
607 1
78384 
519 1
30575 
421 1
81594 
845 1
58877 
382 1
292 
818 1
61234 
213 1
14716 
700 1
6100 
625 1
90596 
72 1
59996 
320 1
59892 
389 1
87814 
875 1
52394 
179 1
66296 
87 1
50311 
923 1
68692 
800 1
6912 
348 1
23556 
189 1
64661 
61 1
95736 
304 1
19039 
963 1
84623 
676 1
11449 
211 1
50023 
838 1
32920 
283 1
5317 
959 1
4894 
337 1
56685 
436 1
19700 
769 1
39988 
717 1
71265 
694 1
59218 
789 1
93375 
438 1
50808 
749 1
9084 
200 1
92860 
71 1
77393 
28 1
94988 
105 1
93908 
494 1
576 
935 1
94540 
866 1
39123 
618 1
40220 
896 1
5527 
603 1
65869 
368 1
27073 
738 1
34556 
212 1
3270 
727 1
73532 
135 1
60482 
598 1
11412 
411 1
5239 
593 1
21120 
539 1
34847 
674 1
28567 
393 1
10631 
440 1
46707 
313 1
55807 
782 1
51435 
929 1
45696 
813 1
90772 
533 1
20138 
242 1
12081 
549 1
35364 
617 1
54691 
696 1
19734 
137 1
87322 
399 1
59830 
907 1
37681 
551 1
35143 
772 1
81419 
100 1
32338 
480 1
38077 
730 1
24856 
297 1
55622 
852 1
12099 
678 1
27332 
819 1
50246 
536 1
90852 
964 1
56785 
891 1
83060 
91 1
80571 
868 1
67007 
165 1
22941 
203 1
99601 
790 1
76904 
273 1
69257 
512 1
4461 
461 1
69420 
807 1
80385 
892 1
43864 
69 1
14377 
972 1
8296 
974 1
87719 
168 1
18638 
336 1
14318 
37 1
50583 
115 1
84440 
33 1
12405 
833 1
65784 
699 1
13360 
259 1
90184 
215 1
1651 
623 1
13284 
45 1
72008 
620 1
45664 
836 1
82537 
884 1
958 
55 1
99744 
425 1
31479 
250 1
75374 
482 1
97077 
520 1
95913 
981 1
53080 
653 1
14226 
332 1
94639 
128 1
29599 
744 1
86738 
706 1
5072 
46 1
85431 
58 1
24274 
457 1
65469 
973 1
74568 
902 1
8287 
522 1
42645 
374 1
39304 
928 1
84019 
748 1
19056 
358 1
92981 
104 1
36492 
530 1
15774 
428 1
30215 
333 1
24411 
848 1
81449 
113 1
24131 
347 1
18329 
553 1
72830 
510 1
28452 
379 1
98363 
982 1
14740 
934 1
75817 
141 1
24021 
489 1
62157 
657 1
72975 
898 1
2410 
728 1
13249 
705 1
25246 
987 1
17228 
325 1
75075 
443 1
42797 
108 1
7586 
559 1
3902 
828 1
45118 
96 1
59043 
384 1
49386 
158 1
90949 
504 1
16566 
924 1
22373 
234 1
11406 
734 1
53452 
245 1
10580 
223 1
80830 
816 1
73758 
59 1
11895 
984 1
84026 
844 1
45465 
516 1
42353 
485 1
24157 
232 1
95207 
18 1
91656 
126 1
84719 
787 1
82267 
441 1
32316 
911 1
90028 
932 1
61995 
338 1
6670 
225 1
92468 
901 1
28539 
80 1
85087 
967 1
72788 
422 1
12599 
944 1
24606 
801 1
58948 
946 1
9081 
226 1
9292 
557 1
65442 
554 1
238 
385 1
58837 
737 1
87818 
10 1
45531 
93 1
65341 
722 1
98272 
162 1
74594 
548 1
35664 
811 1
77568 
999 1
15516 
958 1
10016 
544 1
11430 
876 1
98148 
518 1
67023 
710 1
86567 
496 1
23857 
957 1
56232 
912 1
34933 
651 1
6603 
110 1
22707 
217 1
77170 
680 1
33501 
809 1
12788 
537 1
51324 
921 1
32881 
492 1
56424 
918 1
79912 
62 1
45863 
897 1
86319 
992 1
2798 
532 1
50525 
383 1
95024 
195 1
38986 
21 1
6246 
752 1
26108 
770 1
52013 
248 1
16380 
608 1
67832 
321 1
25525 
515 1
34465 
667 1
71625 
447 1
93243 
0 1
28809 
768 1
97453 
570 1
85842 
624 1
81498 
173 1
49808 
900 1
53614 
894 1
99178 
342 1
84951 
691 1
55924 
677 1
43547 
372 1
91657 
877 1
11336 
840 1
51049 
187 1
48292 
867 1
84427 
429 1
51502 
32 1
74031 
670 1
52140 
531 1
95876 
619 1
15363 
181 1
23999 
407 1
6157 
986 1
22993 
464 1
60758 
564 1
7458 
616 1
35409 
201 1
99207 
569 1
53084 
453 1
52816 
94 1
27618 
413 1
16127 
48 1
71872 
740 1
11613 
658 1
72524 
486 1
2939 
874 1
91155 
906 1
6391 
767 1
45296 
692 1
40163 
84 1
78066 
186 1
97814 
53 1
69099 
893 1
87326 
391 1
90206 
697 1
67987 
196 1
54886 
361 1
62710 
112 1
79703 
969 1
50289 
758 1
56559 
661 1
31618 
951 1
85615 
310 1
24625 
116 1
43342 
420 1
88989 
584 1
34967 
779 1
32674 
442 1
50507 
180 1
86330 
398 1
86727 
334 1
91447 
685 1
76593 
688 1
28313 
147 1
38973 
17 1
1075 
315 1
7306 
791 1
39332 
755 1
34852 
985 1
1806 
293 1
16445 
940 1
20019 
469 1
15780 
307 1
24510 
185 1
2438 
274 1
82880 
133 1
85026 
976 1
8768 
950 1
88670 
433 1
11379 
784 1
95763 
739 1
25835 
276 1
70881 
654 1
74466 
218 1
77998 
323 1
41379 
527 1
62561 
750 1
49080 
56 1
92696 
917 1
86572 
132 1
23169 
521 1
43172 
655 1
47003 
883 1
48119 
650 1
75284 
405 1
25353 
152 1
17296 
578 1
8343 
611 1
94979 
595 1
11463 
454 1
47195 
660 1
27680 
326 1
46446 
224 1
49200 
97 1
60585 
255 1
7026 
263 1
68790 
835 1
75176 
427 1
42621 
207 1
39542 
254 1
18453 
41 1
75426 
107 1
86371 
746 1
86171 
175 1
95536 
243 1
85958 
265 1
42345 
81 1
61114 
79 1
63697 
847 1
15635 
190 1
18626 
771 1
89748 
855 1
41326 
221 1
63931 
92 1
92141 
2 1
4967 
757 1
42575 
904 1
27513 
416 1
77021 
799 1
64299 
588 1
29589 
324 1
51683 
936 1
6219 
703 1
60396 
629 1
86651 
541 1
96782 
920 1
11460 
426 1
9444 
820 1
6556 
980 1
1399 
64 1
34983 
392 1
14915 
572 1
35501 
404 1
39892 
817 1
15085 
592 1
60143 
487 1
38590 
503 1
30100 
743 1
50310 
709 1
27030 
117 1
39164 
628 1
21435 
318 1
43507 
166 1
72093 
12 1
68806 
222 1
6498 
47 1
92074 
925 1
74924 
524 1
99787 
953 1
2295 
462 1
44679 
191 1
24983 
19 1
87804 
291 1
16501 
990 1
9761 
40 1
42641 
735 1
15540 
823 1
53598 
613 1
82900 
99 1
96092 
547 1
22310 
724 1
21595 
543 1
42390 
292 1
72580 
795 1
88554 
491 1
10021 
605 1
58772 
500 1
31590 
652 1
88996 
798 1
19019 
594 1
8910 
803 1
71237 
459 1
6103 
568 1
98414 
359 1
63529 
585 1
65368 
339 1
11226 
299 1
74525 
68 1
82017 
430 1
33726 
825 1
70543 
702 1
37253 
305 1
8315 
775 1
82386 
22 1
370 
312 1
80053 
810 1
74506 
253 1
1720 
271 1
12329 
511 1
52754 
635 1
38000 
915 1
68611 
642 1
75812 
878 1
59567 
330 1
93172 
277 1
26101 
760 1
42366 
178 1
54730 
219 1
29804 
577 1
43968 
206 1
94541 
145 1
54681 
586 1
86362 
89 1
33213 
681 1
67306 
51 1
88147 
290 1
50371 
804 1
50977 
193 1
74080 
673 1
6316 
860 1
51836 
534 1
1554 
3 1
75469 
317 1
40551 
556 1
32626 
955 1
52301 
646 1
60058 
954 1
37897 
979 1
89428 
380 1
69831 
939 1
54551 
707 1
5177 
806 1
75532 
367 1
45814 
77 1
75251 
712 1
51333 
20 1
6887 
718 1
52638 
258 1
22849 
52 1
25435 
576 1
48241 
922 1
2788 
960 1
27753 
329 1
69300 
759 1
45851 
732 1
99184 
926 1
40689 
149 1
87691 
294 1
36613 
802 1
44469 
609 1
22102 
591 1
35398 
561 1
3695 
507 1
41466 
373 1
85504 
887 1
8427 
455 1
7875 
747 1
60212 
859 1
52323 
4 1
81122 
725 1
75955 
479 1
38014 
119 1
47334 
7 1
33118 
514 1
14304 
526 1
10286 
773 1
57638 
395 1
10909 
227 1
65470 
251 1
2938 
648 1
74508 
241 1
77945 
824 1
17177 
172 1
53608 
419 1
5674 
943 1
87404 
983 1
4711 
264 1
82009 
733 1
31318 
590 1
94058 
508 1
16393 
555 1
48567 
663 1
81057 
597 1
17965 
282 1
21354 
456 1
61013 
476 1
45573 
300 1
98958 
169 1
25216 
913 1
51044 
417 1
18755 
794 1
67897 
562 1
95679 
971 1
49334 
345 1
99743 
888 1
2198 
95 1
88252 
529 1
78188 
579 1
39654 
583 1
17709 
352 1
24418 
444 1
28151 
862 1
74639 
365 1
36666 
599 1
4798 
154 1
28379 
854 1
12840 
636 1
49766 
351 1
60332 
689 1
92078 
793 1
98699 
962 1
55869 
808 1
80211 
473 1
1859 
869 1
2910 
686 1
69067 
719 1
39957 
956 1
66755 
626 1
66401 
238 1
47996 
66 1
51874 
634 1
45728 
387 1
95512 
150 1
52764 
601 1
48271 
857 1
20711 
528 1
147 
208 1
38265 
910 1
91890 
197 1
97610 
257 1
33273 
319 1
72069 
754 1
9447 
627 1
46228 
995 1
86168 
831 1
54347 
899 1
43258 
509 1
87330 
371 1
81682 
558 1
76722 
331 1
19571 
340 1
48008 
335 1
89473 
783 1
98690 
204 1
68571 
230 1
81945 
668 1
52059 
587 1
95105 
467 1
19924 
210 1
41228 
720 1
80707 
192 1
75409 
949 1
78742 
600 1
5569 
988 1
32032 
114 1
56724 
965 1
50221 
205 1
39629 
781 1
91675 
774 1
40628 
76 1
49998 
355 1
39943 
736 1
23309 
683 1
10448 
8 1
27148 
846 1
22215 
408 1
22131 
786 1
38380 
679 1
68634 
675 1
3247 
937 1
10948 
997 1
20198 
460 1
59762 
567 1
20322 
885 1
6704 
938 1
45622 
669 1
14403 
690 1
70655 
465 1
27244 
545 1
46726 
622 1
45277 
501 1
42480 
125 1
81000 
301 1
16906 
350 1
43339 
142 1
54188 
131 1
40991 
796 1
37777 
103 1
16093 
879 1
47492 
495 1
86434 
375 1
60622 
295 1
77254 
360 1
64329 
9 1
61072 
209 1
34146 
580 1
21027 
493 1
90915 
499 1
61213 
745 1
70812 
11 1
89912 
109 1
33610 
978 1
5680 
753 1
47585 
858 1
81869 
574 1
28388 
237 1
24862 
741 1
64010 
25 1
4085 
401 1
68750 
726 1
63078 
121 1
46487 
30 1
53586 
714 1
4905 
873 1
4330 
246 1
42403 
698 1
40372 
120 1
27416 
418 1
47418 
73 1
24374 
502 1
88113 
130 1
80939 
397 1
11510 
731 1
56469 
177 1
11759 
268 1
53043 
535 1
67649 
870 1
23573 
23 1
6991 
581 1
54265 
376 1
34817 
60 1
33471 
664 1
33351 
396 1
20915 
346 1
16770 
349 1
57962 
756 1
92211 
994 1
19390 
788 1
3807 
136 1
79063 
776 1
5376 
143 1
63551 
129 1
5335 
1 1
89128 
90 1
6358 
721 1
94688 
977 1
66970 
632 1
70459 
945 1
85922 
826 1
15873 
684 1
11678 
713 1
55864 
199 1
30017 
942 1
95790 
39 1
2400 
886 1
36021 
357 1
34708 
155 1
97487 
266 1
47363 
763 1
73729 
513 1
87259 
26 1
86788 
989 1
39157 
552 1
26350 
477 1
85355 
905 1
68672 
991 1
80328 
57 1
27888 
42 1
35432 
171 1
26373 
909 1
89643 
306 1
53294 
458 1
90938 
843 1
71037 
872 1
12382 
704 1
63103 
214 1
31980 
998 1
21445 
864 1
85719 
236 1
28490 
538 1
95440 
966 1
58155 
270 1
27095 
711 1
36312 
403 1
72627 
54 1
67092 
344 1
1667 
216 1
75380 
863 1
68956 
249 1
10378 
647 1
66469 
523 1
3294 
573 1
53158 
431 1
26133 
410 1
35361 
183 1
73900 
643 1
14593 
839 1
78983 
327 1
26462 
314 1
57301 
914 1
86521 
432 1
26863 
822 1
1787 
563 1
5259 
645 1
86357 
343 1
24908 
414 1
75951 
15 1
72969 
356 1
97677 
993 1
40225 
174 1
61754 
895 1
74820 
630 1
93697 
478 1
54764 
311 1
72355 
354 1
60764 
637 1
27342 
672 1
30453 
279 1
87610 
941 1
33763 
610 1
36646 
474 1
3157 
6 1
34230 
889 1
49862 
785 1
90837 
366 1
20253 
764 1
63435 
880 1
49226 
484 1
8884 
751 1
70499 
34 1
32252 
481 1
73766 
50 1
55456 
723 1
42451 
449 1
74715 
289 1
70474 
656 1
28925 
29 1
20784 
612 1
56625 
5 1
40260 
546 1
70121 
827 1
87997 
400 1
37503 
560 1
67096 
525 1
27736 
240 1
32766 
881 1
35174 
919 1
28634 
272 1
18920 
452 1
45031 
961 1
6145 
851 1
51181 
364 1
29937 
369 1
14655 
63 1
20682 
641 1
29914 
308 1
47281 
176 1
81327 
908 1
24113 
167 1
10281 
849 1
88906 
394 1
91631 
687 1
68971 
815 1
22981 
640 1
74581 
16 1
1374 
256 1
32650 
381 1
68479 
118 1
72217 
649 1
8932 
423 1
78835 
488 1
62859 
164 1
90995 
163 1
9545 
370 1
75877 
309 1
17043 
159 1
40718 
451 1
43465 
812 1
86564 
412 1
65400 
659 1
71314 
439 1
86869 
122 1
12330 
890 1
6765 
303 1
15802 
88 1
97903 
85 1
63509 
123 1
9478 
362 1
11441 
188 1
58298 
285 1
94983 
638 1
19275 
424 1
7894 
161 1
89185 
98 1
78072 
229 1
5137 
805 1
69112 
471 1
3483 
968 1
31615 
882 1
69355 
328 1
33740 
701 1
88808 
792 1
42128 
156 1
13331 
497 1
677 
278 1
39290 
146 1
77474 
170 1
62069 
36 1
14383 
38 1
55531 
871 1
51079 
975 1
7997 
194 1
95528 
363 1
15755 
138 1
34269 
448 1
53346 
490 1
48109 
262 1
56052 
231 1
32599 
463 1
69374 
280 1
37952 
916 1
53941 
565 1
18298 
450 1
98694 
78 1
61714 
671 1
39683 
540 1
22813 
947 1
1913 
596 1
80962 
631 1
21711 
65 1
67476 
948 1
39578 
134 1
52238 
761 1
32368 
70 1
46955 
762 1
71309 
406 1
80456 
281 1
28028 
682 1
62803 
275 1
44687 
856 1
93699 
435 1
81036 
386 1
65711 
44 1
19798 
198 1
43277 
13 1
27540 
144 1
2159 
841 1
97336 
