52
5
14 14 14 14 14 
6
12 12 12 12 12 12 
4
4 4 4 4 
4
18 18 18 18 
10
5 5 5 5 5 5 5 5 5 5 
11
17 17 17 17 17 17 17 17 17 17 17 
7
6 6 6 6 6 6 6 
7
50 31 5 56 81 100 29 
12
4 86 8 22 57 51 28 49 19 54 30 99 
4
54 19 69 59 
11
24 58 30 81 21 72 61 76 80 73 36 
9
38 14 4 98 24 45 46 63 26 
6
71 22 28 12 19 36 
7
9 7 87 75 26 19 59 
2
2 99 
3
84 32 78 
12
27 53 83 18 35 97 91 51 64 10 75 46 
9
73 51 43 36 7 62 84 18 26 
2
17 18 
7
21 24 49 46 85 100 55 
8
161 911 17 653 878 481 660 747 
3
859 170 626 
12
962 511 108 861 545 623 470 1000 193 95 519 640 
1
617 
8
940 31 120 536 310 460 84 260 
11
40 21 586 952 363 840 594 518 140 354 922 
12
65 939 149 108 599 310 222 808 660 709 112 387 
10
332 231 202 303 703 404 642 596 275 610 
9
676 417 793 532 12 867 643 714 730 
5
78 686 424 2 318 
8
925 760 443 459 402 108 324 869 
6
725 338 202 1 18 794 
2
102 91 
10
632 764 217 120 901 292 98 10 613 508 
4
147 998 734 535 
9
519516 364335 712472 220978 25008 748986 266033 844543 644614 
10
634297 109397 345472 820127 358784 79295 173513 910444 249982 229962 
6
123401 521196 788167 625556 862308 466339 
3
442651 338216 59157 
1
883946 
9
352188 627634 541675 138215 146760 541460 273377 782277 693131 
6
380806 950587 119796 173112 404581 515447 
7
325455 380858 828454 771011 598139 25946 766807 
3
842419 272713 864918 
5
148912 522152 869853 968131 812326 
10
202451 841064 464508 661287 973247 670778 250197 602348 468641 401509 
5
524261 614067 305263 306116 986230 
5
564820 27161 740433 276265 105094 
2
157208 683680 
4
220438 357652 588660 974398 
8
966840 605802 439860 528880 668596 10016 613037 22781 
5
2 2 2 2 2 
