69
10
3 3 3 3 3 3 3 3 3 3 
1
8 
11
8 8 8 8 8 8 8 8 8 8 8 
9
10 10 10 10 10 10 10 10 10 
11
18 18 18 18 18 18 18 18 18 18 18 
10
82 59 43 77 6 66 71 74 32 74 
1
73 
11
50 53 36 48 100 27 90 32 92 75 5 
3
97 72 96 
12
50 24 13 83 49 49 47 46 7 7 47 37 
2
61 4 
2
62 1 
3
1 88 65 
7
31 65 82 76 56 8 14 
1
43 
6
71 21 34 77 35 96 
7
61 71 27 95 11 82 68 
1
47 
5
58 66 78 68 23 
9
13 63 49 79 56 2 97 30 48 
12
31 72 76 48 77 77 19 53 85 86 38 23 
2
31 3 
2
61 74 
8
60 34 2 4 46 81 85 63 
7
19 58 36 9 80 83 56 
11
8 97 62 76 89 70 7 77 62 29 2 
9
59 43 38 55 59 15 51 98 2 
11
59 76 78 64 88 44 74 11 10 82 9 
6
1 62 20 54 25 48 
8
48 30 27 28 12 84 20 60 
8
155 197 533 209 239 95 162 823 
8
383 345 516 862 951 579 306 470 
7
500 436 768 948 128 724 832 
4
796 934 630 262 
2
530 252 
1
625 
10
906 974 192 517 467 175 324 99 48 483 
6
842 25 627 730 564 349 
4
267 329 98 280 
12
592 676 117 179 617 995 516 100 808 27 918 763 
12
508 783 542 833 590 524 522 138 408 75 524 814 
10
983 489 751 927 225 452 179 455 478 343 
4
926 220 101 659 
11
131 882 793 441 320 545 218 351 786 723 751 
3
82 730 251 
12
881 51 558 233 993 563 876 928 670 424 805 992 
9
171 709 329 540 487 457 143 198 838 
2
276 448 
10
970 42 712 826 252 582 644 932 813 305 
7
357 873 91 970 653 760 531 
6
317 729 637 722 245 327 
5
357 941 464 443 339 
8
324 378 323 315 591 164 70 529 
3
203 156 891 
5
131 113 766 629 734 
1
756073 
9
719489 210398 476100 45241 444790 915595 510771 94964 943257 
1
230420 
3
471564 157564 736396 
8
501857 365636 755488 956335 828307 243384 199443 959597 
5
522992 169460 810635 323746 602196 
6
414486 205382 893361 611557 176067 223231 
10
981229 675623 415320 782071 193509 563835 385356 343308 508925 456627 
9
86209 499381 723527 728473 346736 192661 388729 599003 427104 
5
687933 592339 692942 70895 319351 
7
715722 252252 921509 158741 31375 825620 585692 
7
99179 235979 856771 885872 854865 435469 261843 
7
126425 761987 183032 177470 576237 78809 717501 
12
2 2 2 2 2 2 2 2 2 2 2 2 
