750
56
122
14
16
17
33
42
43
135
141
192
194
210
220
268
276
282
308
317
333
420
448
477
493
505
506
569
602
626
639
642
646
649
691
694
722
734
748
766
780
784
859
948
959
971
989
74
107
110
112
132
164
170
176
205
230
235
258
293
316
323
325
326
334
340
351
354
357
374
379
397
431
441
515
531
538
556
575
592
621
647
655
678
730
738
741
747
764
767
772
829
843
848
854
914
938
955
966
976
1
45
75
77
121
136
174
184
186
209
239
298
303
312
315
332
342
346
356
377
378
380
412
425
453
486
489
491
519
520
540
574
611
652
658
667
672
680
690
692
702
713
733
742
778
785
790
791
807
809
819
822
823
826
842
869
874
893
895
917
983
7
24
29
62
63
100
140
177
193
212
213
222
240
274
283
309
319
439
440
446
473
514
536
560
565
591
593
640
656
682
693
724
727
776
787
804
811
827
839
849
850
851
875
908
925
931
933
975
997
39
60
73
142
178
203
225
229
232
233
255
261
267
278
279
284
299
311
328
358
362
369
396
400
406
421
430
442
460
483
526
596
597
604
605
669
687
719
754
786
815
821
852
863
865
886
906
922
935
978
3
25
41
111
120
159
189
245
251
272
347
352
361
391
393
435
436
502
516
533
554
570
584
610
650
663
671
707
708
718
743
812
820
831
844
845
870
878
888
921
944
970
987
998
9
21
35
48
70
98
106
167
202
208
265
292
305
389
456
462
463
499
500
507
530
532
549
594
613
614
627
641
688
712
736
860
896
900
905
907
926
936
951
986
992
4
5
11
23
34
81
89
90
92
103
139
148
166
228
281
296
302
313
348
349
360
364
370
411
423
429
433
450
451
457
467
479
485
504
509
539
541
551
616
629
644
648
677
679
704
729
755
756
757
768
777
792
803
830
855
864
880
887
899
923
963
972
13
19
38
50
87
145
149
181
187
201
211
216
247
254
275
277
287
300
301
320
329
367
381
387
404
468
480
508
555
559
561
576
606
623
654
706
739
746
775
799
867
877
889
913
924
939
942
950
954
964
994
22
28
78
83
109
113
125
127
154
179
196
197
217
219
241
260
286
294
314
416
472
488
497
546
550
557
567
588
638
645
723
725
728
732
745
761
771
779
802
836
890
962
969
53 54
79 84
97 104
152 180
190 207
221 253
306 322
324 363
398 403
418 427
445 449
496 512
523 558
564 568
578 587
598 600
603 696
699 749
750 783
798 892
902 916
945 980
985 999
64 68
69 86
117 175
185 191
237 264
291 295
310 395
399 417
419 466
476 527
542 548
552 586
589 618
634 635
659 673
683 685
700 752
762 782
788 883
884 898
901 904
909 940
941 946
968 974
979 0
37 57
58 66
82 85
119 131
158 161
206 214
215 224
246 248
257 269
335 337
343 384
432 484
487 498
510 535
607 608
630 631
632 633
636 637
660 666
668 676
698 717
720 731
773 781
793 806
824 828
868 897
910 928
961 981
2 46
55 59
71 116
128 143
218 223
271 280
331 359
366 385
390 428
464 529
545 577
580 599
601 628
709 710
759 789
816 871
882 911
918 919
927 934
990 36
47 61
65 76
95 96
102 123
126 160
163 168
171 172
198 226
234 238
250 266
288 338
353 375
465 478
492 495
501 503
517 563
579 582
585 590
595 651
657 684
711 715
753 758
769 774
810 818
834 838
876 930
949 957
958 965
967 996
6 18
124 146
151 165
173 199
227 244
252 273
290 336
350 355
365 373
382 405
426 434
437 459
474 528
534 547
566 573
609 622
624 664
681 689
695 737
763 805
857 866
879 920
943 952
973 12
30 32
40 80
93 115
129 134
144 147
156 157
182 188
259 285
297 321
330 345
371 388
407 414
443 490
518 525
562 571
572 583
612 625
643 653
662 675
697 705
760 794
801 825
833 835
841 853
862 872
891 903
915 937
947 953
984 49
52 72
99 130
133 137
138 231
236 270
304 307
318 327
368 376
383 394
410 422
424 444
452 454
455 482
494 537
544 674
701 703
716 726
765 770
800 808
832 858
881 912
932 956
977 988
10 26
31 44
67 101
105 150
153 155
195 200
243 256
386 401
402 413
415 438
447 458
461 475
481 513
522 524
617 620
665 670
686 714
735 740
751 813
817 840
846 856
873 885
929 960
982 991
993 8
15 20
27 51
88 91
94 108
114 118
162 169
183 204
242 249
262 263
289 339
341 344
372 392
408 409
469 470
471 511
521 543
553 581
615 619
661 721
744 795
796 797
814 837
847 861
894 995
