674
122
56
135
649
646
642
639
626
691
602
600 598
587 578
569
568 564
748
784
783 79
780
766
750 749
558 97
734
722
104 699
694
333
221 427
420
418 403
398 363
220
324 322
268
317
308
276
282
496 180
192
194
506
505
141
493
210
477
448
445 53
971
14
959
16
17
948
54 945
999 916
33
859
42
43
798 980
989
191 548
542 185
538
531
527 552
904 909
515
914
205
293
788 291
164
592
589 884
586 940
170
575
176
295 898
556
901 968
235
966
397
379
374
357
354
351
326
340
258
334
955
974 941
476 466
316
946 979
323
938
976
441
431
264 419
325
230
647
772
655
767
86 659
132
764
843
738
685 64
829
673 683
747
678
741
848
621
69 782
110
634 635
700 618
730
112
74
107
854
377
819
378
961 824
823
380
384 731
733
412
822
778
790
785
791
298
303
983
312
315
981 793
742
773 806
332
335 337
342
807
346
809
356
636 668
667
666 660
842
658
540
652
1
897 637
520
895
893
574
633 632
631 868
869
611
874
486
713
702
425
826
608 828
692
453
690
484 720
489
680
491
917
498 676
510 910
672
519
257 224
269 161
37 158
45
136
121
119 214
239
57 58
85 82
77
75
248 246
184
215 206
209
186
174
116 709
240
710 390
514
724
727
193
385 529
100
776
212
473
787
213
789 71
283
222
440
439
577 580
565
591
593
446
693
177
560
640
140
656
545 128
682
536
875
839
849
851
24
331 934
933
931
46 927
850
925
274
309
319
918 911
908
29
804
63
997
62
811
990 2
7
975
827
922
517 957
483
579 996
478 582
585 168
958 965
526
967 503
284
172 198
492 495
978
203
949 501
935
178
754
838 711
834 715
719
60
821
96 95
852
758 61
818 769
815
76 810
73
786
142
596
597
906
36 160
604
605
39
886
876 595
651 657
865
669
863
126 123
684 47
687
267
261
278
299
328
460
353 375
255
311
430
358
369
229
225
421
362
442
396
406
288 238
279
400
232
233
570
610
173 805
831
566 165
426 355
352
584
812
435
251
436
437 350
820
347
689 151
393
708
707
111
120
391
650
671
405 664
663
361
718
624 382
622 737
743
244 763
245
373 474
159
365 227
920 879
41
888
921
533
944
970
878
516
18 459
189
273 952
272
502
845
998
987
844
554
25
3
866 547
870
6 290
688
21
106
389
712
9
835 285
992
986
675 984
292
947 662
12 297
953 115
951
705 862
896
801 321
891 40
265
872 330
35
860
48
853 345
825 259
841 833
736
305
98
926
93 760
915 371
936
907
905
903 32
900
70
794 182
507
641
414 144
518 525
456
530
532
627
549
562 571
572 156
443 583
167
594
614
613
612 157
462
463
500
202
208
499
348
166
349
4
433
485
360
5
281
977 444
830
450
479
777
81
370
231 368
228
364
429
423
792
424 858
800 482
803
963
296
318 494
899
34
457
467
313
912 307
923
509
304 932
302
504
541
451
855
23
551
972
864
327 452
544 49
880
539
11
454 133
887
757
756
755
677
644
90
679
139
704
92
629
148
648
411
616
103
768
130 765
729
89
701 383
376 726
716 195
145
706
913
31 524
522 458
187
149
150 153
320
38
889
714 415
885 105
216
877
44 873
387
211
954
13
964
468
404
654
670 402
982 665
481 991
480
994
287
508
924
275
461 929
277
301
300
513 475
939
942
201
19
950
50
555
87
381
254
623
256 846
559
367
561
739
840 751
155 67
620 243
799
606
386 817
746
775
329
617 438
867
181
576
856 813
247
94 814
802
962
204 242
497
125
8 91
588
409 262
286
372 995
416
771
779
78
472
294
761
470 162
83
488
127
795 796
969
890
109
314
51 847
557
260
179
894 108
732
339 553
154
550
728
723
183 543
546
725
511 169
745
22
645
241
344 118
341 619
638
567
219
113
197
217
196
836
27 837
28
