750
322 523
512 449
445 427
418 403
398 363
324 558
306 253
221 207
190 180
152 104
97 749
999 985
980 945
916 902
892 798
783 750
496 699
696 603
600 598
587 578
568 564
84 53
79 54
552 700
191 586
589 185
175 618
634 635
659 673
683 685
264 548
542 527
69 476
466 419
237 417
399 395
64 68
310 295
291 940
909 788
941 946
904 883
782 968
117 884
974 901
979 762
898 752
86 432
910 0
484 487
535 57
928 58
961 384
343 337
335 66
981 269
85 631
698 720
731 676
668 666
660 773
637 636
781 633
632 498
630 793
608 607
37 806
824 828
868 717
897 510
224 161
158 257
119 82
246 131
206 214
215 248
366 759
143 789
710 390
709 385
359 59
628 601
599 580
428 46
577 545
55 529
71 464
218 223
2 116
331 882
871 934
911 128
280 990
918 919
271 927
816 579
930 96
47 36
563 582
198 949
957 958
517 95
965 503
501 967
495 492
996 478
876 126
810 818
774 769
123 758
753 834
715 838
171 711
585 684
160 657
651 102
163 168
266 172
76 595
590 375
65 234
238 250
338 61
288 353
465 226
737 622
382 763
173 336
609 879
252 624
18 426
373 474
434 573
437 146
866 857
165 405
365 244
664 124
350 681
151 355
805 689
695 566
952 943
528 534
273 199
227 6
290 973
547 459
920 157
841 643
835 653
833 259
297 129
662 388
518 984
705 825
32 490
156 794
345 953
675 371
285 144
147 801
697 93
583 30
330 40
891 188
443 115
903 947
80 321
12 562
915 572
571 414
853 407
525 862
625 937
872 612
134 760
182 988
770 138
765 270
376 133
368 130
977 800
956 808
832 858
304 99
932 307
881 318
327 912
422 455
454 410
494 452
236 52
72 674
394 424
482 231
701 703
49 444
726 537
716 544
383 137
620 617
960 873
856 929
101 67
413 415
513 522
885 44
195 524
10 402
105 447
256 200
438 386
155 982
153 150
686 31
481 991
813 26
714 993
475 735
740 751
243 846
840 458
461 401
817 665
670 8
91 469
470 204
521 262
94 995
511 263
289 471
88 20
847 339
837 341
661 249
344 814
162 797
796 795
392 721
372 744
27 118
553 51
581 15
108 114
894 242
543 183
615 619
409 861
408 169
56
122
722
506
505
642
646
649
493
477
448
691
135
141
694
859
420
192
734
194
210
220
333
748
317
308
766
268
780
276
784
282
626
569
989
14
16
17
602
971
33
959
948
639
43
42
647
848
334
340
741
976
351
829
205
738
354
357
843
531
730
374
538
764
556
293
575
938
772
767
258
592
747
316
621
74
235
323
325
230
326
379
914
655
515
107
678
110
112
441
955
132
431
966
854
164
170
397
176
303
378
315
453
312
540
520
733
702
574
785
672
298
667
778
658
380
377
692
412
519
1
742
346
342
491
425
680
356
332
489
713
690
486
652
611
807
823
917
826
819
239
45
184
983
186
209
822
809
869
895
136
874
75
791
790
121
893
842
77
174
724
177
849
908
727
933
640
63
931
850
925
851
565
656
473
100
787
693
140
439
440
446
875
682
62
283
560
997
7
274
804
591
593
776
811
309
975
536
240
319
24
193
839
29
514
827
222
213
212
886
922
421
60
73
935
460
669
596
597
39
978
906
526
604
483
605
815
369
362
358
225
821
328
229
232
233
754
203
311
255
261
299
267
278
786
284
279
719
863
852
865
406
142
400
430
396
687
442
178
671
584
870
987
998
663
570
3
888
812
820
707
610
970
921
650
944
743
878
831
708
844
718
845
347
111
272
25
251
502
120
245
436
435
516
41
393
533
391
352
189
361
554
159
167
35
951
106
463
462
736
456
896
292
926
688
70
900
905
98
907
936
305
48
712
389
21
860
594
202
549
532
208
530
613
614
986
9
627
992
265
507
641
499
500
803
755
923
89
90
313
166
757
756
855
4
302
768
830
92
148
777
296
864
228
899
139
103
281
880
792
887
485
451
679
677
457
467
541
539
479
34
450
963
648
616
644
504
23
629
972
509
370
348
349
81
360
364
729
5
11
551
704
411
423
429
433
561
994
19
149
13
924
145
867
877
964
954
889
950
38
942
939
50
913
87
480
799
275
287
300
775
301
654
320
329
277
746
739
468
706
367
404
387
381
201
576
216
211
508
555
606
247
254
559
623
187
181
416
962
557
472
179
588
550
488
546
497
28
969
567
645
638
22
890
196
154
197
836
217
219
241
127
125
113
260
802
109
723
286
294
779
771
761
314
83
745
732
78
728
725
