75
9
20 20 20 20 20 20 20 20 20 
11
6 6 6 6 6 6 6 6 6 6 6 
6
16 16 16 16 16 16 
8
14 14 14 14 14 14 14 14 
4
5 5 5 5 
11
14 14 14 14 14 14 14 14 14 14 14 
6
14 14 14 14 14 14 
5
2 2 2 2 2 
1
52 
7
1 60 28 73 75 46 3 
5
50 23 68 15 86 
3
57 10 67 
8
88 33 85 68 65 35 52 77 
10
71 100 42 48 21 39 56 58 55 79 
12
86 36 10 44 86 4 11 31 78 52 30 66 
12
89 68 53 86 56 60 93 58 23 57 26 85 
2
87 92 
7
91 13 79 3 54 45 33 
9
55 42 76 78 51 46 22 100 40 
4
50 68 71 51 
2
90 3 
11
69 3 53 7 9 49 51 71 39 7 2 
1
25 
6
49 56 50 17 48 42 
6
99 45 71 84 89 79 
2
742 111 
3
425 165 894 
2
956 185 
12
118 717 650 918 976 991 40 504 708 395 573 96 
8
959 382 387 585 148 507 801 327 
10
410 468 294 423 623 607 194 251 507 349 
10
985 548 635 954 611 488 492 840 241 97 
4
307 441 766 254 
6
211 221 966 667 806 816 
12
912 850 433 528 507 95 364 245 349 798 148 677 
11
253 993 165 724 409 488 107 471 394 508 733 
1
360 
3
692 227 195 
7
976 977 246 818 143 219 797 
6
234 931 706 761 279 268 
9
621 149 383 775 727 856 259 797 334 
2
361 844 
1
874 
8
779 984 208 781 241 852 965 267 
2
254 414 
12
338 495 453 871 478 383 679 621 971 142 973 587 
2
169 667 
3
93 18 472 
7
265 646 820 529 185 498 378 
2
110 643 
4
183 203 84 497 
12
318 117 532 711 908 656 458 444 600 223 712 655 
2
593 527 
2
713 27 
5
612 498 658 113 615 
5
1000 462 262 872 20 
8
65815 393775 688716 911418 18772 789490 932383 434087 
11
617334 320222 884006 615910 731720 610294 779299 701402 154426 69005 935955 
10
224205 550498 31 652258 279404 530332 404676 700825 38646 780298 
5
430041 832155 697344 74687 835741 
1
877078 
7
224115 183159 924014 989274 697221 872287 728924 
4
363299 341301 612116 536126 
4
473738 120607 753078 680906 
10
690720 342089 838084 229301 823935 642294 836897 623787 82662 904448 
12
965233 703106 955034 476305 711375 742456 329129 677085 676127 206485 991687 32972 
4
922183 229099 128042 675340 
5
200076 968505 667316 905060 473752 
6
85021 7434 557331 488455 534498 182115 
7
106328 138498 685956 852647 614399 850124 785713 
3
68741 828424 821307 
7
151463 3850 352217 195644 431443 820576 380882 
12
933770 17396 3356 814500 882402 366726 717273 616363 31854 337916 457912 6811 
8
556925 521962 91018 940816 699498 735448 781738 504844 
8
2 2 2 2 2 2 2 2 
