65
2
20 20 
7
4 4 4 4 4 4 4 
12
6 6 6 6 6 6 6 6 6 6 6 6 
11
5 5 5 5 5 5 5 5 5 5 5 
1
13 
10
17 17 17 17 17 17 17 17 17 17 
1
14 
4
2 30 19 3 
9
68 18 19 49 93 32 16 26 71 
7
43 52 97 50 56 5 46 
1
52 
8
92 91 30 2 24 79 38 67 
3
97 64 90 
5
73 61 52 19 75 
10
3 25 78 14 46 18 41 30 24 24 
12
74 24 62 88 35 55 78 76 21 81 81 54 
1
51 
3
6 87 16 
9
99 93 17 50 10 38 16 94 63 
1
53 
6
83 77 91 48 88 4 
5
93 55 6 6 60 
6
37 22 7 24 46 12 
11
2 66 51 27 78 68 18 39 38 14 55 
9
14 88 59 69 1 82 33 48 30 
7
11 81 8 10 19 70 6 
10
52 38 26 96 2 96 41 67 74 66 
3
32 89 73 
1
81 
3
7 76 57 
3
28 64 79 
7
60 55 95 75 65 94 97 
12
844 96 974 142 333 236 26 609 599 278 767 828 
2
260 679 
1
247 
6
338 67 20 29 865 719 
4
227 282 308 259 
1
85 
8
212 989 264 6 959 657 883 156 
9
320 803 130 662 440 272 467 585 482 
9
229 581 679 563 873 95 974 683 348 
1
957 
3
536 301 150 
6
487 519 958 941 37 782 
12
781 911 334 916 541 376 902 289 916 44 778 882 
5
431 461 542 937 123 
10
710 456 977 422 876 651 969 67 474 255 
5
991 319 563 959 424 
3
769 833 163 
10
487 383 406 155 288 263 423 952 727 234 
8
743147 655973 143835 152121 989568 547639 162278 537619 
9
752683 656067 949358 999058 314015 172407 482970 511025 32973 
6
325752 891139 536642 617533 573496 458438 
1
369368 
6
296945 871710 611501 724351 764230 919394 
7
229951 402105 496454 778607 770127 897444 755688 
10
59562 784395 404232 991341 13314 129031 777623 360058 615468 597030 
3
654983 262238 866966 
8
964228 121962 42324 32986 454179 587520 138488 38350 
8
877603 488309 720868 160345 262714 101407 658728 441963 
10
866333 319612 648472 881945 107914 388370 971728 571276 701340 728134 
5
370010 294093 523181 344090 198513 
2
810142 841513 
3
433448 334224 241318 
9
2 2 2 2 2 2 2 2 2 
